// MilkShape 3D ASCII
//I have no clue what this is but presumably its

//checked textures and yes it is
Frames: 30
Frame: 1

Meshes: 31
"Plane" 0 1
144
0 20.454546 -20.454546 -4.257910 0.909091 0.909091 -1
0 20.454546 -25.000000 -4.257910 1.000000 0.909091 -1
0 25.000000 -25.000000 -4.566348 1.000000 1.000000 -1
0 25.000000 -20.454546 -4.566348 0.909091 1.000000 -1
0 20.454546 25.000000 -4.257910 0.000000 0.909091 -1
0 20.454546 20.454546 -4.257873 0.090909 0.909091 -1
0 25.000000 20.454546 -4.566348 0.090909 1.000000 -1
0 25.000000 25.000000 -4.566348 0.000000 1.000000 -1
0 20.454546 15.909092 -4.256844 0.181818 0.909091 -1
0 25.000000 15.909091 -4.566348 0.181818 1.000000 -1
0 20.454546 11.363636 -4.257873 0.272727 0.909091 -1
0 25.000000 11.363636 -4.566348 0.272727 1.000000 -1
0 20.454546 6.818182 -4.257910 0.363636 0.909091 -1
0 25.000000 6.818182 -4.566348 0.363636 1.000000 -1
0 20.454546 2.272727 -4.257910 0.454545 0.909091 -1
0 25.000000 2.272727 -4.566348 0.454545 1.000000 -1
0 20.454546 -2.272728 -4.257910 0.545455 0.909091 -1
0 25.000000 -2.272728 -4.566348 0.545455 1.000000 -1
0 20.454546 -6.818183 -4.257910 0.636364 0.909091 -1
0 25.000000 -6.818183 -4.566348 0.636364 1.000000 -1
0 20.454546 -11.363638 -4.257910 0.727273 0.909091 -1
0 25.000000 -11.363638 -4.566348 0.727273 1.000000 -1
0 20.454546 -15.909092 -4.257910 0.818182 0.909091 -1
0 25.000000 -15.909092 -4.566348 0.818182 1.000000 -1
0 -25.000000 25.000000 5.020429 0.000000 0.000000 -1
0 -25.000000 20.454546 4.309139 0.090909 0.000000 -1
0 -20.454546 20.454546 3.708317 0.090909 0.090909 -1
0 -20.454546 25.000000 4.309139 0.000000 0.090909 -1
0 -15.909092 20.454546 2.288215 0.090909 0.181818 -1
0 -15.909091 25.000000 2.708656 0.000000 0.181818 -1
0 -11.363638 20.454546 0.835996 0.090909 0.272727 -1
0 -11.363636 25.000000 1.035087 0.000000 0.272727 -1
0 -6.818183 20.454546 0.142247 0.090909 0.363636 -1
0 -6.818182 25.000000 0.115304 0.000000 0.363636 -1
0 -2.272728 20.454546 0.181673 0.090909 0.454545 -1
0 -2.272727 25.000000 0.098348 0.000000 0.454545 -1
0 2.272727 20.454546 -0.478874 0.090909 0.545455 -1
0 2.272728 25.000000 -0.573032 0.000000 0.545455 -1
0 6.818182 20.454546 -1.735091 0.090909 0.636364 -1
0 6.818183 25.000000 -1.817952 0.000000 0.636364 -1
0 11.363636 20.454546 -3.429022 0.090909 0.727273 -1
0 11.363638 25.000000 -3.485646 0.000000 0.727273 -1
0 15.909091 20.454546 -4.033115 0.090909 0.818182 -1
0 15.909092 25.000000 -4.059773 0.000000 0.818182 -1
0 -25.000000 15.909092 2.708657 0.181818 0.000000 -1
0 -20.454546 15.909092 2.288108 0.181818 0.090909 -1
0 -15.909092 15.909092 1.282523 0.181818 0.181818 -1
0 -11.363638 15.909092 0.349632 0.181818 0.272727 -1
0 -6.818183 15.909092 0.158674 0.181818 0.363636 -1
0 -2.272728 15.909092 0.216906 0.181818 0.454545 -1
0 2.272727 15.909092 -0.437029 0.181818 0.545455 -1
0 6.818182 15.909092 -1.700090 0.181818 0.636364 -1
0 11.363636 15.909092 -3.405330 0.181818 0.727273 -1
0 15.909091 15.909092 -4.020707 0.181818 0.818182 -1
0 -24.962120 11.554815 1.959889 0.272727 0.000000 -1
0 -20.439434 11.439909 1.166203 0.272727 0.090909 -1
0 -15.909092 11.363638 0.290834 0.272727 0.181818 -1
0 -11.363638 11.363638 0.046203 0.272727 0.272727 -1
0 -6.818183 11.363638 0.134005 0.272727 0.363636 -1
0 -2.272728 11.363638 0.181673 0.272727 0.454545 -1
0 2.272727 11.363638 -0.478874 0.272727 0.545455 -1
0 6.818182 11.363638 -1.735091 0.272727 0.636364 -1
0 11.363636 11.363638 -3.429022 0.272727 0.727273 -1
0 15.909091 11.363637 -4.033115 0.272727 0.818182 -1
0 -24.919598 7.223973 2.037417 0.363636 0.000000 -1
0 -20.415266 7.016428 0.983860 0.363636 0.090909 -1
0 -15.909092 6.818183 0.000000 0.363636 0.181818 -1
0 -11.363638 6.818183 0.016897 0.363636 0.272727 -1
0 -6.818183 6.818183 0.075242 0.363636 0.363636 -1
0 -2.272728 6.818183 0.099953 0.363636 0.454545 -1
0 2.272727 6.818183 -0.572715 0.363636 0.545455 -1
0 6.818182 6.818182 -1.817952 0.363636 0.636364 -1
0 11.363636 6.818182 -3.485645 0.363636 0.727273 -1
0 15.909091 6.818182 -4.059772 0.363636 0.818182 -1
0 -24.960720 2.470971 0.980916 0.454545 0.000000 -1
0 -20.438961 2.351389 0.413166 0.454545 0.090909 -1
0 -15.909092 2.272728 0.005320 0.454545 0.181818 -1
0 -11.363638 2.272728 0.011535 0.454545 0.272727 -1
0 -6.818183 2.272728 0.048309 0.454545 0.363636 -1
0 -2.272728 2.272728 0.050997 0.454545 0.454545 -1
0 2.272727 2.272727 -0.641186 0.454545 0.545455 -1
0 6.818182 2.272727 -1.894538 0.454545 0.636364 -1
0 11.363636 2.272727 -3.540407 0.454545 0.727273 -1
0 15.909091 2.272727 -4.073170 0.454545 0.818182 -1
0 -25.000000 -2.272727 0.509646 0.545455 0.000000 -1
0 -20.454546 -2.272727 0.656705 0.545455 0.090909 -1
0 -15.909092 -2.272727 0.521112 0.545455 0.181818 -1
0 -11.363638 -2.272727 0.237985 0.545455 0.272727 -1
0 -6.818183 -2.272727 0.090884 0.545455 0.363636 -1
0 -2.272728 -2.272727 0.072333 0.545455 0.454545 -1
0 2.272727 -2.272727 -0.639494 0.545455 0.545455 -1
0 6.818182 -2.272727 -1.901572 0.545455 0.636364 -1
0 11.363636 -2.272727 -3.546028 0.545455 0.727273 -1
0 15.909091 -2.272728 -4.073170 0.545455 0.818182 -1
0 -25.000000 -6.818182 1.474505 0.636364 0.000000 -1
0 -20.454546 -6.818182 1.745733 0.636364 0.090909 -1
0 -15.909092 -6.818182 1.505002 0.636364 0.181818 -1
0 -11.363638 -6.818182 0.915591 0.636364 0.272727 -1
0 -6.818183 -6.818182 0.334388 0.636364 0.363636 -1
0 -2.272728 -6.818182 0.135446 0.636364 0.454545 -1
0 2.272727 -6.818182 -0.585620 0.636364 0.545455 -1
0 6.818182 -6.818182 -1.862795 0.636364 0.636364 -1
0 11.363636 -6.818182 -3.528240 0.636364 0.727273 -1
0 15.909091 -6.818182 -4.073169 0.636364 0.818182 -1
0 -25.000000 -11.363636 2.389719 0.727273 0.000000 -1
0 -20.454546 -11.363636 2.777904 0.727273 0.090909 -1
0 -15.909092 -11.363636 2.427495 0.727273 0.181818 -1
0 -11.363638 -11.363636 1.580170 0.727273 0.272727 -1
0 -6.818183 -11.363636 0.680445 0.727273 0.363636 -1
0 -2.272728 -11.363636 0.169018 0.727273 0.454545 -1
0 2.272727 -11.363636 -0.561833 0.727273 0.545455 -1
0 6.818182 -11.363636 -1.846422 0.727273 0.636364 -1
0 11.363636 -11.363636 -3.519939 0.727273 0.727273 -1
0 15.909091 -11.363637 -4.072656 0.727273 0.818182 -1
0 -25.000000 -15.909091 2.776901 0.818182 0.000000 -1
0 -20.454546 -15.909091 3.235318 0.818182 0.090909 -1
0 -15.909092 -15.909091 2.805191 0.818182 0.181818 -1
0 -11.363638 -15.909091 1.834011 0.818182 0.272727 -1
0 -6.818183 -15.909091 0.803492 0.818182 0.363636 -1
0 -2.272728 -15.909091 0.161503 0.818182 0.454545 -1
0 2.272727 -15.909091 -0.585620 0.818182 0.545455 -1
0 6.818182 -15.909091 -1.862795 0.818182 0.636364 -1
0 11.363636 -15.909091 -3.528240 0.818182 0.727273 -1
0 15.909091 -15.909091 -4.073169 0.818182 0.818182 -1
0 -25.000000 -20.454546 2.389719 0.909091 0.000000 -1
0 -20.454546 -20.454546 2.776901 0.909091 0.090909 -1
0 -15.909092 -20.454546 2.399908 0.909091 0.181818 -1
0 -11.363638 -20.454546 1.524167 0.909091 0.272727 -1
0 -6.818183 -20.454546 0.600307 0.909091 0.363636 -1
0 -2.272728 -20.454546 0.077194 0.909091 0.454545 -1
0 2.272727 -20.454546 -0.641875 0.909091 0.545455 -1
0 6.818182 -20.454546 -1.901978 0.909091 0.636364 -1
0 11.363636 -20.454546 -3.546028 0.909091 0.727273 -1
0 15.909091 -20.454546 -4.073170 0.909091 0.818182 -1
0 -25.000000 -25.000000 1.474506 1.000000 0.000000 -1
0 -20.454546 -25.000000 1.745515 1.000000 0.090909 -1
0 -15.909092 -25.000000 1.474506 1.000000 0.181818 -1
0 -11.363638 -25.000000 0.836627 1.000000 0.272727 -1
0 -6.818183 -25.000000 0.218537 1.000000 0.363636 -1
0 -2.272728 -25.000000 0.004763 1.000000 0.454545 -1
0 2.272727 -25.000000 -0.701171 1.000000 0.545455 -1
0 6.818182 -25.000000 -1.940212 1.000000 0.636364 -1
0 11.363636 -25.000000 -3.554812 1.000000 0.727273 -1
0 15.909091 -25.000000 -4.073170 1.000000 0.818182 -1
137
0.054160 -0.000000 0.998532
0.049644 0.000000 0.998767
0.067701 0.000000 0.997706
0.059657 0.000005 0.998219
0.057615 0.001054 0.998338
0.067706 0.000003 0.997705
0.059456 0.000454 0.998231
0.067859 0.000075 0.997695
0.058964 -0.000532 0.998260
0.067784 -0.000075 0.997700
0.056601 -0.000979 0.998396
0.067703 -0.000003 0.997706
0.054650 -0.000491 0.998505
0.054160 0.000000 0.998532
0.054160 0.000000 0.998532
0.054198 0.000019 0.998530
0.054179 -0.000019 0.998531
0.141416 -0.141416 0.979797
0.114244 -0.260873 0.958589
0.201429 -0.201440 0.958566
0.260866 -0.114237 0.958592
0.287485 -0.136935 0.947946
0.326545 -0.071947 0.942439
0.217259 -0.063143 0.974070
0.232342 -0.026276 0.972279
0.078630 -0.002776 0.996900
0.064757 0.010068 0.997850
0.069588 0.011185 0.997513
0.098087 0.019027 0.994996
0.206089 0.014026 0.978433
0.225883 0.019375 0.973962
0.308043 0.012368 0.951292
0.319498 0.015464 0.947461
0.241558 0.009035 0.970344
0.201598 0.010009 0.979417
0.089978 0.004951 0.995931
0.072799 0.003897 0.997339
0.114583 -0.247018 0.962212
0.150292 -0.268611 0.951452
0.194164 -0.200436 0.960274
0.128491 -0.093604 0.987283
0.033161 -0.019667 0.999256
0.065916 -0.000919 0.997825
0.205491 0.000041 0.978659
0.309221 0.000665 0.950990
0.243492 0.000756 0.969903
0.092280 0.000824 0.995733
0.189537 -0.062103 0.979908
0.168732 -0.131997 0.976784
0.114623 -0.133208 0.984438
0.042818 -0.062106 0.997151
-0.003838 -0.020220 0.999788
0.066901 -0.012878 0.997676
0.204879 -0.013954 0.978688
0.307481 -0.011654 0.951483
0.241295 -0.007902 0.970420
0.090076 -0.003716 0.995928
0.189628 -0.106088 0.976108
0.189340 -0.049946 0.980640
0.101330 -0.027584 0.994470
0.002093 -0.014178 0.999897
-0.009408 -0.009153 0.999914
0.070534 -0.014210 0.997408
0.205492 -0.017329 0.978505
0.304243 -0.016345 0.952454
0.235738 -0.011299 0.971751
0.085088 -0.004988 0.996361
0.070473 -0.088529 0.993577
0.112719 -0.040507 0.992801
0.075502 0.026067 0.996805
0.001613 0.017951 0.999838
-0.004353 0.001733 0.999989
0.075089 -0.002949 0.997172
0.208146 -0.006818 0.978074
0.303054 -0.008460 0.952936
0.230445 -0.006965 0.973060
0.080056 -0.002975 0.996786
-0.041106 0.115202 0.992491
0.029012 0.114828 0.992962
0.066640 0.141281 0.987724
0.052086 0.093319 0.994273
0.018064 0.031555 0.999339
0.079176 0.009696 0.996814
0.211289 0.006128 0.977404
0.304453 0.002889 0.952523
0.229907 0.000624 0.973212
0.078162 -0.000205 0.996941
-0.066605 0.208377 0.975778
0.005079 0.219251 0.975655
0.094359 0.198998 0.975447
0.126628 0.144231 0.981409
0.080659 0.068670 0.994374
0.094137 0.016851 0.995417
0.213869 0.008432 0.976826
0.307252 0.006038 0.951609
0.232708 0.003224 0.972541
0.079260 0.000686 0.996854
-0.089475 0.127134 0.987842
0.003202 0.154205 0.988034
0.129609 0.139506 0.981702
0.183257 0.103045 0.977649
0.146233 0.057502 0.987578
0.124611 0.013629 0.992112
0.215128 0.000639 0.976586
0.308473 0.000554 0.951233
0.234152 0.000548 0.972200
0.080481 0.000302 0.996756
-0.095133 -0.033439 0.994903
-0.002468 -0.000734 0.999997
0.145667 0.003534 0.989327
0.207107 0.002250 0.978316
0.171884 0.000241 0.985117
0.145379 -0.004230 0.989367
0.215540 -0.007390 0.976467
0.307074 -0.005331 0.951671
0.232725 -0.002428 0.972540
0.080163 -0.000340 0.996782
-0.075375 -0.167693 0.982953
-0.007691 -0.154921 0.987897
0.128440 -0.136813 0.982235
0.185930 -0.099683 0.977493
0.149248 -0.056131 0.987205
0.139077 -0.020921 0.990061
0.212304 -0.012691 0.977121
0.303493 -0.007702 0.952803
0.229561 -0.003256 0.973289
0.078600 -0.000648 0.996906
-0.058349 -0.197049 0.978656
-0.027750 -0.213243 0.976605
0.091815 -0.205918 0.974252
0.152295 -0.164356 0.974573
0.126499 -0.104875 0.986407
0.105015 -0.038449 0.993727
0.191146 -0.013756 0.981465
0.288446 -0.009545 0.957449
0.264275 -0.003911 0.964439
0.089759 -0.000640 0.995963
242
0 0 1 2 0 1 2 1
0 0 2 3 0 2 2 1
0 4 5 6 3 4 5 1
0 4 6 7 3 5 2 1
0 5 8 9 4 6 7 1
0 5 9 6 4 7 5 1
0 8 10 11 6 8 9 1
0 8 11 9 6 9 7 1
0 10 12 13 8 10 11 1
0 10 13 11 8 11 9 1
0 12 14 15 10 12 2 1
0 12 15 13 10 2 11 1
0 14 16 17 12 13 2 1
0 14 17 15 12 2 2 1
0 16 18 19 13 14 2 1
0 16 19 17 13 2 2 1
0 18 20 21 14 15 2 1
0 18 21 19 14 2 2 1
0 20 22 23 15 16 2 1
0 20 23 21 15 2 2 1
0 22 0 3 16 0 2 1
0 22 3 23 16 2 2 1
0 24 25 26 17 18 19 1
0 24 26 27 17 19 20 1
0 27 26 28 20 19 21 1
0 27 28 29 20 21 22 1
0 29 28 30 22 21 23 1
0 29 30 31 22 23 24 1
0 31 30 32 24 23 25 1
0 31 32 33 24 25 26 1
0 33 32 34 26 25 27 1
0 33 34 35 26 27 28 1
0 35 34 36 28 27 29 1
0 35 36 37 28 29 30 1
0 37 36 38 30 29 31 1
0 37 38 39 30 31 32 1
0 39 38 40 32 31 33 1
0 39 40 41 32 33 34 1
0 41 40 42 34 33 35 1
0 41 42 43 34 35 36 1
0 43 42 5 36 35 4 1
0 43 5 4 36 4 3 1
0 25 44 45 18 37 38 1
0 25 45 26 18 38 19 1
0 26 45 46 19 38 39 1
0 26 46 28 19 39 21 1
0 28 46 47 21 39 40 1
0 28 47 30 21 40 23 1
0 30 47 48 23 40 41 1
0 30 48 32 23 41 25 1
0 32 48 49 25 41 42 1
0 32 49 34 25 42 27 1
0 34 49 50 27 42 43 1
0 34 50 36 27 43 29 1
0 36 50 51 29 43 44 1
0 36 51 38 29 44 31 1
0 38 51 52 31 44 45 1
0 38 52 40 31 45 33 1
0 40 52 53 33 45 46 1
0 40 53 42 33 46 35 1
0 42 53 8 35 46 6 1
0 42 8 5 35 6 4 1
0 44 54 55 37 47 48 1
0 44 55 45 37 48 38 1
0 45 55 56 38 48 49 1
0 45 56 46 38 49 39 1
0 46 56 57 39 49 50 1
0 46 57 47 39 50 40 1
0 47 57 58 40 50 51 1
0 47 58 48 40 51 41 1
0 48 58 59 41 51 52 1
0 48 59 49 41 52 42 1
0 49 59 60 42 52 53 1
0 49 60 50 42 53 43 1
0 50 60 61 43 53 54 1
0 50 61 51 43 54 44 1
0 51 61 62 44 54 55 1
0 51 62 52 44 55 45 1
0 52 62 63 45 55 56 1
0 52 63 53 45 56 46 1
0 53 63 10 46 56 8 1
0 53 10 8 46 8 6 1
0 54 64 65 47 57 58 1
0 54 65 55 47 58 48 1
0 55 65 66 48 58 59 1
0 55 66 56 48 59 49 1
0 56 66 67 49 59 60 1
0 56 67 57 49 60 50 1
0 57 67 68 50 60 61 1
0 57 68 58 50 61 51 1
0 58 68 69 51 61 62 1
0 58 69 59 51 62 52 1
0 59 69 70 52 62 63 1
0 59 70 60 52 63 53 1
0 60 70 71 53 63 64 1
0 60 71 61 53 64 54 1
0 61 71 72 54 64 65 1
0 61 72 62 54 65 55 1
0 62 72 73 55 65 66 1
0 62 73 63 55 66 56 1
0 63 73 12 56 66 10 1
0 63 12 10 56 10 8 1
0 64 74 75 57 67 68 1
0 64 75 65 57 68 58 1
0 65 75 76 58 68 69 1
0 65 76 66 58 69 59 1
0 66 76 77 59 69 70 1
0 66 77 67 59 70 60 1
0 67 77 78 60 70 71 1
0 67 78 68 60 71 61 1
0 68 78 79 61 71 72 1
0 68 79 69 61 72 62 1
0 69 79 80 62 72 73 1
0 69 80 70 62 73 63 1
0 70 80 81 63 73 74 1
0 70 81 71 63 74 64 1
0 71 81 82 64 74 75 1
0 71 82 72 64 75 65 1
0 72 82 83 65 75 76 1
0 72 83 73 65 76 66 1
0 73 83 14 66 76 12 1
0 73 14 12 66 12 10 1
0 74 84 85 67 77 78 1
0 74 85 75 67 78 68 1
0 75 85 86 68 78 79 1
0 75 86 76 68 79 69 1
0 76 86 87 69 79 80 1
0 76 87 77 69 80 70 1
0 77 87 88 70 80 81 1
0 77 88 78 70 81 71 1
0 78 88 89 71 81 82 1
0 78 89 79 71 82 72 1
0 79 89 90 72 82 83 1
0 79 90 80 72 83 73 1
0 80 90 91 73 83 84 1
0 80 91 81 73 84 74 1
0 81 91 92 74 84 85 1
0 81 92 82 74 85 75 1
0 82 92 93 75 85 86 1
0 82 93 83 75 86 76 1
0 83 93 16 76 86 13 1
0 83 16 14 76 13 12 1
0 84 94 95 77 87 88 1
0 84 95 85 77 88 78 1
0 85 95 96 78 88 89 1
0 85 96 86 78 89 79 1
0 86 96 97 79 89 90 1
0 86 97 87 79 90 80 1
0 87 97 98 80 90 91 1
0 87 98 88 80 91 81 1
0 88 98 99 81 91 92 1
0 88 99 89 81 92 82 1
0 89 99 100 82 92 93 1
0 89 100 90 82 93 83 1
0 90 100 101 83 93 94 1
0 90 101 91 83 94 84 1
0 91 101 102 84 94 95 1
0 91 102 92 84 95 85 1
0 92 102 103 85 95 96 1
0 92 103 93 85 96 86 1
0 93 103 18 86 96 14 1
0 93 18 16 86 14 13 1
0 94 104 105 87 97 98 1
0 94 105 95 87 98 88 1
0 95 105 106 88 98 99 1
0 95 106 96 88 99 89 1
0 96 106 107 89 99 100 1
0 96 107 97 89 100 90 1
0 97 107 108 90 100 101 1
0 97 108 98 90 101 91 1
0 98 108 109 91 101 102 1
0 98 109 99 91 102 92 1
0 99 109 110 92 102 103 1
0 99 110 100 92 103 93 1
0 100 110 111 93 103 104 1
0 100 111 101 93 104 94 1
0 101 111 112 94 104 105 1
0 101 112 102 94 105 95 1
0 102 112 113 95 105 106 1
0 102 113 103 95 106 96 1
0 103 113 20 96 106 15 1
0 103 20 18 96 15 14 1
0 104 114 115 97 107 108 1
0 104 115 105 97 108 98 1
0 105 115 116 98 108 109 1
0 105 116 106 98 109 99 1
0 106 116 117 99 109 110 1
0 106 117 107 99 110 100 1
0 107 117 118 100 110 111 1
0 107 118 108 100 111 101 1
0 108 118 119 101 111 112 1
0 108 119 109 101 112 102 1
0 109 119 120 102 112 113 1
0 109 120 110 102 113 103 1
0 110 120 121 103 113 114 1
0 110 121 111 103 114 104 1
0 111 121 122 104 114 115 1
0 111 122 112 104 115 105 1
0 112 122 123 105 115 116 1
0 112 123 113 105 116 106 1
0 113 123 22 106 116 16 1
0 113 22 20 106 16 15 1
0 114 124 125 107 117 118 1
0 114 125 115 107 118 108 1
0 115 125 126 108 118 119 1
0 115 126 116 108 119 109 1
0 116 126 127 109 119 120 1
0 116 127 117 109 120 110 1
0 117 127 128 110 120 121 1
0 117 128 118 110 121 111 1
0 118 128 129 111 121 122 1
0 118 129 119 111 122 112 1
0 119 129 130 112 122 123 1
0 119 130 120 112 123 113 1
0 120 130 131 113 123 124 1
0 120 131 121 113 124 114 1
0 121 131 132 114 124 125 1
0 121 132 122 114 125 115 1
0 122 132 133 115 125 126 1
0 122 133 123 115 126 116 1
0 123 133 0 116 126 0 1
0 123 0 22 116 0 16 1
0 124 134 135 117 127 128 1
0 124 135 125 117 128 118 1
0 125 135 136 118 128 129 1
0 125 136 126 118 129 119 1
0 126 136 137 119 129 130 1
0 126 137 127 119 130 120 1
0 127 137 138 120 130 131 1
0 127 138 128 120 131 121 1
0 128 138 139 121 131 132 1
0 128 139 129 121 132 122 1
0 129 139 140 122 132 133 1
0 129 140 130 122 133 123 1
0 130 140 141 123 133 134 1
0 130 141 131 123 134 124 1
0 131 141 142 124 134 135 1
0 131 142 132 124 135 125 1
0 132 142 143 125 135 136 1
0 132 143 133 125 136 126 1
0 133 143 1 126 136 1 1
0 133 1 0 126 1 0 1
"Plane.001" 0 0
4
0 -25.000000 25.000000 -0.973422 0.000000 0.000000 -1
0 -25.000000 -25.000000 -0.973422 1.000000 0.000000 -1
0 25.000000 -25.000000 -0.973422 1.000000 1.000000 -1
0 25.000000 25.000000 -0.973422 0.000000 1.000000 -1
1
0.000000 0.000000 1.000000
2
0 0 1 2 0 0 0 1
0 0 2 3 0 0 0 1
"Cube_Cube.001" 0 2
14
0 -0.489519 1.503150 -0.250433 0.375000 0.000000 -1
0 -0.489141 1.503128 -0.100433 0.625000 0.000000 -1
0 0.110823 1.496737 -0.101948 0.625000 0.250000 -1
0 0.110445 1.496759 -0.251947 0.375000 0.250000 -1
0 0.089519 -0.503150 -0.102184 0.625000 0.500000 -1
0 0.089141 -0.503128 -0.252184 0.375000 0.500000 -1
0 -0.510445 -0.496759 -0.100669 0.625000 0.750000 -1
0 -0.510823 -0.496737 -0.250669 0.375000 0.750000 -1
0 -0.489141 1.503128 -0.100433 0.625000 1.000000 -1
0 -0.489519 1.503150 -0.250433 0.375000 1.000000 -1
0 0.110445 1.496759 -0.251947 0.125000 0.500000 -1
0 -0.489519 1.503150 -0.250433 0.125000 0.750000 -1
0 0.110823 1.496737 -0.101948 0.875000 0.500000 -1
0 -0.489141 1.503128 -0.100433 0.875000 0.750000 -1
18
0.010652 0.999943 0.000120
0.010652 0.999943 0.000119
0.010652 0.999943 0.000120
0.999940 -0.010652 -0.002521
0.999940 -0.010652 -0.002521
0.999940 -0.010652 -0.002521
-0.010652 -0.999943 -0.000120
-0.010652 -0.999943 -0.000120
-0.010652 -0.999943 -0.000120
-0.999940 0.010652 0.002521
-0.999940 0.010652 0.002521
-0.999940 0.010652 0.002521
-0.002523 0.000145 -0.999997
-0.002524 0.000145 -0.999997
-0.002522 0.000145 -0.999997
0.002524 -0.000145 0.999997
0.002524 -0.000145 0.999997
0.002524 -0.000145 0.999997
12
0 0 1 2 0 1 0 1
0 0 2 3 0 0 2 1
0 3 2 4 3 4 3 1
0 3 4 5 3 3 5 1
0 5 4 6 6 7 6 1
0 5 6 7 6 6 8 1
0 7 6 8 9 10 9 1
0 7 8 9 9 9 11 1
0 10 5 7 12 13 12 1
0 10 7 11 12 12 14 1
0 4 12 13 15 16 15 1
0 4 13 6 15 15 17 1
"Cube.001_Cube.002" 0 2
14
0 0.129238 1.515028 -0.246261 0.375000 0.000000 -1
0 0.129586 1.514631 -0.096262 0.625000 0.000000 -1
0 0.729532 1.522592 -0.097633 0.625000 0.250000 -1
0 0.729184 1.522989 -0.247632 0.375000 0.250000 -1
0 0.756057 -0.477225 -0.102991 0.625000 0.500000 -1
0 0.755709 -0.476828 -0.252990 0.375000 0.500000 -1
0 0.156112 -0.485186 -0.101620 0.625000 0.750000 -1
0 0.155764 -0.484789 -0.251619 0.375000 0.750000 -1
0 0.129586 1.514631 -0.096262 0.625000 1.000000 -1
0 0.129238 1.515028 -0.246261 0.375000 1.000000 -1
0 0.729184 1.522989 -0.247632 0.125000 0.500000 -1
0 0.129238 1.515028 -0.246261 0.125000 0.750000 -1
0 0.729532 1.522592 -0.097633 0.875000 0.500000 -1
0 0.129586 1.514631 -0.096262 0.875000 0.750000 -1
18
-0.013262 0.999908 0.002677
-0.013262 0.999908 0.002677
-0.013262 0.999908 0.002678
0.999909 0.013269 -0.002285
0.999909 0.013269 -0.002285
0.999909 0.013269 -0.002285
0.013262 -0.999908 -0.002677
0.013262 -0.999908 -0.002677
0.013262 -0.999908 -0.002677
-0.999909 -0.013269 0.002285
-0.999909 -0.013269 0.002285
-0.999909 -0.013269 0.002285
-0.002320 0.002648 -0.999994
-0.002320 0.002648 -0.999994
-0.002320 0.002648 -0.999994
0.002320 -0.002648 0.999994
0.002320 -0.002648 0.999994
0.002320 -0.002648 0.999994
12
0 0 1 2 0 1 0 1
0 0 2 3 0 0 2 1
0 3 2 4 3 4 3 1
0 3 4 5 3 3 5 1
0 5 4 6 6 7 6 1
0 5 6 7 6 6 8 1
0 7 6 8 9 10 9 1
0 7 8 9 9 9 11 1
0 10 5 7 12 13 12 1
0 10 7 11 12 12 14 1
0 4 12 13 15 16 15 1
0 4 13 6 15 15 17 1
"Cube.002_Cube.003" 0 2
14
0 0.764920 1.427760 -0.250061 0.375000 0.000000 -1
0 0.764572 1.427126 -0.100063 0.625000 0.000000 -1
0 1.364443 1.439488 -0.098619 0.625000 0.250000 -1
0 1.364791 1.440122 -0.248617 0.375000 0.250000 -1
0 1.405670 -0.560069 -0.106972 0.625000 0.500000 -1
0 1.406018 -0.559436 -0.256971 0.375000 0.500000 -1
0 0.805799 -0.572432 -0.108416 0.625000 0.750000 -1
0 0.806148 -0.571798 -0.258415 0.375000 0.750000 -1
0 0.764572 1.427126 -0.100063 0.625000 1.000000 -1
0 0.764920 1.427760 -0.250061 0.375000 1.000000 -1
0 1.364791 1.440122 -0.248617 0.125000 0.500000 -1
0 0.764920 1.427760 -0.250061 0.125000 0.750000 -1
0 1.364443 1.439488 -0.098619 0.875000 0.500000 -1
0 0.764572 1.427126 -0.100063 0.875000 0.750000 -1
18
-0.020613 0.999779 0.004178
-0.020613 0.999779 0.004178
-0.020613 0.999779 0.004178
0.999785 0.020604 0.002407
0.999785 0.020604 0.002407
0.999785 0.020604 0.002406
0.020614 -0.999779 -0.004174
0.020615 -0.999779 -0.004171
0.020613 -0.999779 -0.004178
-0.999785 -0.020604 -0.002410
-0.999785 -0.020604 -0.002413
-0.999785 -0.020604 -0.002406
0.002320 0.004226 -0.999988
0.002320 0.004226 -0.999988
0.002320 0.004226 -0.999988
-0.002320 -0.004225 0.999988
-0.002320 -0.004225 0.999988
-0.002320 -0.004225 0.999988
12
0 0 1 2 0 1 0 1
0 0 2 3 0 0 2 1
0 3 2 4 3 4 3 1
0 3 4 5 3 3 5 1
0 5 4 6 6 7 6 1
0 5 6 7 6 6 8 1
0 7 6 8 9 10 9 1
0 7 8 9 9 9 11 1
0 10 5 7 12 13 12 1
0 10 7 11 12 12 14 1
0 4 12 13 15 16 15 1
0 4 13 6 15 15 17 1
"Cube.003_Cube.004" 0 2
14
0 1.435972 1.507970 -0.236489 0.375000 0.000000 -1
0 1.435993 1.507395 -0.086491 0.625000 0.000000 -1
0 2.035777 1.491295 -0.086635 0.625000 0.250000 -1
0 2.035756 1.491870 -0.236634 0.375000 0.250000 -1
0 1.982110 -0.507970 -0.094286 0.625000 0.500000 -1
0 1.982090 -0.507395 -0.244285 0.375000 0.500000 -1
0 1.382326 -0.491870 -0.094142 0.625000 0.750000 -1
0 1.382306 -0.491295 -0.244140 0.375000 0.750000 -1
0 1.435993 1.507395 -0.086491 0.625000 1.000000 -1
0 1.435972 1.507970 -0.236489 0.375000 1.000000 -1
0 2.035756 1.491870 -0.236634 0.125000 0.500000 -1
0 1.435972 1.507970 -0.236489 0.125000 0.750000 -1
0 2.035777 1.491295 -0.086635 0.875000 0.500000 -1
0 1.435993 1.507395 -0.086491 0.875000 0.750000 -1
18
0.026834 0.999633 0.003828
0.026834 0.999633 0.003828
0.026834 0.999633 0.003829
0.999640 -0.026833 -0.000240
0.999640 -0.026833 -0.000243
0.999640 -0.026832 -0.000236
-0.026834 -0.999633 -0.003828
-0.026834 -0.999633 -0.003828
-0.026834 -0.999633 -0.003828
-0.999640 0.026833 0.000239
-0.999640 0.026833 0.000236
-0.999640 0.026832 0.000243
-0.000139 0.003831 -0.999993
-0.000139 0.003831 -0.999993
-0.000139 0.003831 -0.999993
0.000137 -0.003831 0.999993
0.000137 -0.003831 0.999993
0.000137 -0.003831 0.999993
12
0 0 1 2 0 1 0 1
0 0 2 3 0 0 2 1
0 3 2 4 3 4 3 1
0 3 4 5 3 3 5 1
0 5 4 6 6 7 6 1
0 5 6 7 6 6 8 1
0 7 6 8 9 10 9 1
0 7 8 9 9 9 11 1
0 10 5 7 12 13 12 1
0 10 7 11 12 12 14 1
0 4 12 13 15 16 15 1
0 4 13 6 15 15 17 1
"Cube.004_Cube.005" 0 2
24
0 2.033639 1.462005 -0.248974 0.375000 0.000000 -1
0 2.033376 1.462788 -0.098976 0.625000 0.000000 -1
0 2.633375 1.462362 -0.097920 0.625000 0.250000 -1
0 2.633638 1.461578 -0.247918 0.375000 0.250000 -1
0 2.633638 1.461578 -0.247918 0.375000 0.250000 -1
0 2.633375 1.462362 -0.097920 0.625000 0.250000 -1
0 2.631936 -0.537610 -0.087472 0.625000 0.500000 -1
0 2.632199 -0.538394 -0.237470 0.375000 0.500000 -1
0 2.632199 -0.538394 -0.237470 0.375000 0.500000 -1
0 2.631936 -0.537610 -0.087472 0.625000 0.500000 -1
0 2.031937 -0.537184 -0.088528 0.625000 0.750000 -1
0 2.032200 -0.537968 -0.238526 0.375000 0.750000 -1
0 2.032200 -0.537968 -0.238526 0.375000 0.750000 -1
0 2.031937 -0.537184 -0.088528 0.625000 0.750000 -1
0 2.033376 1.462788 -0.098976 0.625000 1.000000 -1
0 2.033639 1.462005 -0.248974 0.375000 1.000000 -1
0 2.633638 1.461578 -0.247918 0.125000 0.500000 -1
0 2.632199 -0.538394 -0.237470 0.375000 0.500000 -1
0 2.032200 -0.537968 -0.238526 0.375000 0.750000 -1
0 2.033639 1.462005 -0.248974 0.125000 0.750000 -1
0 2.631936 -0.537610 -0.087472 0.625000 0.500000 -1
0 2.633375 1.462362 -0.097920 0.875000 0.500000 -1
0 2.033376 1.462788 -0.098976 0.875000 0.750000 -1
0 2.031937 -0.537184 -0.088528 0.625000 0.750000 -1
18
0.000720 0.999986 -0.005222
0.000719 0.999986 -0.005219
0.000721 0.999986 -0.005226
0.999998 -0.000710 0.001757
0.999998 -0.000710 0.001757
0.999998 -0.000710 0.001757
-0.000719 -0.999986 0.005225
-0.000719 -0.999986 0.005225
-0.000719 -0.999986 0.005225
-0.999998 0.000710 -0.001758
-0.999998 0.000710 -0.001758
-0.999998 0.000710 -0.001757
0.001756 -0.005225 -0.999985
0.001756 -0.005225 -0.999985
0.001756 -0.005225 -0.999985
-0.001756 0.005225 0.999985
-0.001756 0.005225 0.999985
-0.001756 0.005225 0.999985
12
0 0 1 2 0 1 0 1
0 0 2 3 0 0 2 1
0 4 5 6 3 4 3 1
0 4 6 7 3 3 5 1
0 8 9 10 6 7 6 1
0 8 10 11 6 6 8 1
0 12 13 14 9 10 9 1
0 12 14 15 9 9 11 1
0 16 17 18 12 13 12 1
0 16 18 19 12 12 14 1
0 20 21 22 15 16 15 1
0 20 22 23 15 15 17 1
"Cube.005_Cube.006" 0 2
24
0 2.622526 1.480127 -0.242651 0.375000 0.000000 -1
0 2.622961 1.479407 -0.092654 0.625000 0.000000 -1
0 3.222613 1.499794 -0.094296 0.625000 0.250000 -1
0 3.222177 1.500514 -0.244294 0.375000 0.250000 -1
0 3.222177 1.500514 -0.244294 0.375000 0.250000 -1
0 3.222613 1.499794 -0.094296 0.625000 0.250000 -1
0 3.290541 -0.499028 -0.104088 0.625000 0.500000 -1
0 3.290106 -0.498308 -0.254086 0.375000 0.500000 -1
0 3.290106 -0.498308 -0.254086 0.375000 0.500000 -1
0 3.290541 -0.499028 -0.104088 0.625000 0.500000 -1
0 2.690890 -0.519415 -0.102446 0.625000 0.750000 -1
0 2.690455 -0.518695 -0.252443 0.375000 0.750000 -1
0 2.690455 -0.518695 -0.252443 0.375000 0.750000 -1
0 2.690890 -0.519415 -0.102446 0.625000 0.750000 -1
0 2.622961 1.479407 -0.092654 0.625000 1.000000 -1
0 2.622526 1.480127 -0.242651 0.375000 1.000000 -1
0 3.222177 1.500514 -0.244294 0.125000 0.500000 -1
0 3.290106 -0.498308 -0.254086 0.375000 0.500000 -1
0 2.690455 -0.518695 -0.252443 0.375000 0.750000 -1
0 2.622526 1.480127 -0.242651 0.125000 0.750000 -1
0 3.290541 -0.499028 -0.104088 0.625000 0.500000 -1
0 3.222613 1.499794 -0.094296 0.875000 0.500000 -1
0 2.622961 1.479407 -0.092654 0.875000 0.750000 -1
0 2.690890 -0.519415 -0.102446 0.625000 0.750000 -1
16
-0.033965 0.999411 0.004896
-0.033965 0.999411 0.004896
-0.033965 0.999411 0.004896
0.999419 0.033978 -0.002738
0.999419 0.033978 -0.002742
0.999419 0.033978 -0.002734
0.033965 -0.999411 -0.004896
0.033965 -0.999411 -0.004896
0.033965 -0.999411 -0.004896
-0.999419 -0.033978 0.002736
-0.002903 0.004800 -0.999984
-0.002903 0.004800 -0.999984
-0.002903 0.004800 -0.999984
0.002901 -0.004800 0.999984
0.002901 -0.004800 0.999984
0.002901 -0.004800 0.999984
12
0 0 1 2 0 1 0 1
0 0 2 3 0 0 2 1
0 4 5 6 3 4 3 1
0 4 6 7 3 3 5 1
0 8 9 10 6 7 6 1
0 8 10 11 6 6 8 1
0 12 13 14 9 9 9 1
0 12 14 15 9 9 9 1
0 16 17 18 10 11 10 1
0 16 18 19 10 10 12 1
0 20 21 22 13 14 13 1
0 20 22 23 13 13 15 1
"Cube.006_Cube.007" 0 2
24
0 3.265557 1.479650 -0.255536 0.375000 0.000000 -1
0 3.265478 1.479325 -0.105537 0.625000 0.000000 -1
0 3.865470 1.482514 -0.105215 0.625000 0.250000 -1
0 3.865549 1.482839 -0.255214 0.375000 0.250000 -1
0 3.865549 1.482839 -0.255214 0.375000 0.250000 -1
0 3.865470 1.482514 -0.105215 0.625000 0.250000 -1
0 3.876101 -0.517453 -0.109541 0.625000 0.500000 -1
0 3.876180 -0.517128 -0.259541 0.375000 0.500000 -1
0 3.876180 -0.517128 -0.259541 0.375000 0.500000 -1
0 3.876101 -0.517453 -0.109541 0.625000 0.500000 -1
0 3.276110 -0.520642 -0.109863 0.625000 0.750000 -1
0 3.276189 -0.520317 -0.259863 0.375000 0.750000 -1
0 3.276189 -0.520317 -0.259863 0.375000 0.750000 -1
0 3.276110 -0.520642 -0.109863 0.625000 0.750000 -1
0 3.265478 1.479325 -0.105537 0.625000 1.000000 -1
0 3.265557 1.479650 -0.255536 0.375000 1.000000 -1
0 3.865549 1.482839 -0.255214 0.125000 0.500000 -1
0 3.876180 -0.517128 -0.259541 0.375000 0.500000 -1
0 3.276189 -0.520317 -0.259863 0.375000 0.750000 -1
0 3.265557 1.479650 -0.255536 0.125000 0.750000 -1
0 3.876101 -0.517453 -0.109541 0.625000 0.500000 -1
0 3.865470 1.482514 -0.105215 0.875000 0.500000 -1
0 3.265478 1.479325 -0.105537 0.875000 0.750000 -1
0 3.276110 -0.520642 -0.109863 0.625000 0.750000 -1
18
-0.005316 0.999984 0.002164
-0.005316 0.999984 0.002164
-0.005316 0.999984 0.002164
0.999986 0.005314 0.000538
0.999986 0.005314 0.000539
0.999986 0.005314 0.000538
0.005316 -0.999984 -0.002164
0.005316 -0.999984 -0.002164
0.005316 -0.999984 -0.002164
-0.999986 -0.005315 -0.000539
-0.999986 -0.005315 -0.000539
-0.999986 -0.005315 -0.000539
0.000525 0.002166 -0.999997
0.000525 0.002166 -0.999997
0.000525 0.002166 -0.999997
-0.000525 -0.002166 0.999997
-0.000525 -0.002166 0.999997
-0.000525 -0.002166 0.999997
12
0 0 1 2 0 1 0 1
0 0 2 3 0 0 2 1
0 4 5 6 3 4 3 1
0 4 6 7 3 3 5 1
0 8 9 10 6 7 6 1
0 8 10 11 6 6 8 1
0 12 13 14 9 10 9 1
0 12 14 15 9 9 11 1
0 16 17 18 12 13 12 1
0 16 18 19 12 12 14 1
0 20 21 22 15 16 15 1
0 20 22 23 15 15 17 1
"Cube.007_Cube.008" 0 2
23
0 3.857834 1.497330 -0.252328 0.375000 0.000000 -1
0 3.857682 1.497510 -0.102328 0.625000 0.000000 -1
0 4.457660 1.502596 -0.101723 0.625000 0.250000 -1
0 4.457812 1.502417 -0.251723 0.375000 0.250000 -1
0 4.457812 1.502417 -0.251723 0.375000 0.250000 -1
0 4.457660 1.502596 -0.101723 0.625000 0.250000 -1
0 4.474613 -0.497330 -0.099312 0.625000 0.500000 -1
0 4.474766 -0.497510 -0.249312 0.375000 0.500000 -1
0 4.474766 -0.497510 -0.249312 0.375000 0.500000 -1
0 4.474613 -0.497330 -0.099312 0.625000 0.500000 -1
0 3.874635 -0.502417 -0.099917 0.625000 0.750000 -1
0 3.874787 -0.502596 -0.249917 0.375000 0.750000 -1
0 3.874787 -0.502596 -0.249917 0.375000 0.750000 -1
0 3.874635 -0.502417 -0.099917 0.625000 0.750000 -1
0 3.857682 1.497510 -0.102328 0.625000 1.000000 -1
0 3.857834 1.497330 -0.252328 0.375000 1.000000 -1
0 4.457812 1.502417 -0.251723 0.125000 0.500000 -1
0 4.474766 -0.497510 -0.249312 0.375000 0.500000 -1
0 3.874787 -0.502596 -0.249917 0.375000 0.750000 -1
0 3.857834 1.497330 -0.252328 0.125000 0.750000 -1
0 4.457660 1.502596 -0.101723 0.875000 0.500000 -1
0 3.857682 1.497510 -0.102328 0.875000 0.750000 -1
0 3.874635 -0.502417 -0.099917 0.625000 0.750000 -1
18
-0.008476 0.999963 -0.001205
-0.008476 0.999963 -0.001209
-0.008477 0.999963 -0.001202
0.999964 0.008478 0.001004
0.999964 0.008478 0.001001
0.999964 0.008478 0.001007
0.008476 -0.999963 0.001205
0.008477 -0.999963 0.001208
0.008476 -0.999963 0.001202
-0.999964 -0.008478 -0.001004
-0.999964 -0.008478 -0.001004
-0.999964 -0.008478 -0.001004
0.001019 -0.001197 -0.999999
0.001019 -0.001197 -0.999999
0.001019 -0.001197 -0.999999
-0.001019 0.001197 0.999999
-0.001019 0.001197 0.999999
-0.001019 0.001197 0.999999
12
0 0 1 2 0 1 0 1
0 0 2 3 0 0 2 1
0 4 5 6 3 4 3 1
0 4 6 7 3 3 5 1
0 8 9 10 6 7 6 1
0 8 10 11 6 6 8 1
0 12 13 14 9 10 9 1
0 12 14 15 9 9 11 1
0 16 17 18 12 13 12 1
0 16 18 19 12 12 14 1
0 9 20 21 15 16 15 1
0 9 21 22 15 15 17 1
"Cube.008_Cube.009" 0 2
24
0 4.438254 1.458277 -0.246202 0.375000 0.000000 -1
0 4.438915 1.457900 -0.096204 0.625000 0.000000 -1
0 5.038375 1.483229 -0.098781 0.625000 0.250000 -1
0 5.037714 1.483607 -0.248779 0.375000 0.250000 -1
0 5.037714 1.483607 -0.248779 0.375000 0.250000 -1
0 5.038375 1.483229 -0.098781 0.625000 0.250000 -1
0 5.122784 -0.514981 -0.104176 0.625000 0.500000 -1
0 5.122123 -0.514604 -0.254174 0.375000 0.500000 -1
0 5.122123 -0.514604 -0.254174 0.375000 0.500000 -1
0 5.122784 -0.514981 -0.104176 0.625000 0.500000 -1
0 4.523324 -0.540311 -0.101599 0.625000 0.750000 -1
0 4.522663 -0.539934 -0.251597 0.375000 0.750000 -1
0 4.522663 -0.539934 -0.251597 0.375000 0.750000 -1
0 4.523324 -0.540311 -0.101599 0.625000 0.750000 -1
0 4.438915 1.457900 -0.096204 0.625000 1.000000 -1
0 4.438254 1.458277 -0.246202 0.375000 1.000000 -1
0 5.037714 1.483607 -0.248779 0.125000 0.500000 -1
0 5.122123 -0.514604 -0.254174 0.375000 0.500000 -1
0 4.522663 -0.539934 -0.251597 0.375000 0.750000 -1
0 4.438254 1.458277 -0.246202 0.125000 0.750000 -1
0 5.122784 -0.514981 -0.104176 0.625000 0.500000 -1
0 5.038375 1.483229 -0.098781 0.875000 0.500000 -1
0 4.438915 1.457900 -0.096204 0.875000 0.750000 -1
0 4.523324 -0.540311 -0.101599 0.625000 0.750000 -1
18
-0.042204 0.999105 0.002700
-0.042204 0.999105 0.002697
-0.042205 0.999105 0.002704
0.999099 0.042216 -0.004297
0.999099 0.042216 -0.004296
0.999099 0.042216 -0.004299
0.042205 -0.999105 -0.002697
0.042205 -0.999105 -0.002697
0.042205 -0.999105 -0.002697
-0.999099 -0.042216 0.004296
-0.999099 -0.042216 0.004296
-0.999099 -0.042216 0.004296
-0.004405 0.002514 -0.999987
-0.004405 0.002514 -0.999987
-0.004405 0.002514 -0.999987
0.004405 -0.002514 0.999987
0.004405 -0.002514 0.999987
0.004405 -0.002514 0.999987
12
0 0 1 2 0 1 0 1
0 0 2 3 0 0 2 1
0 4 5 6 3 4 3 1
0 4 6 7 3 3 5 1
0 8 9 10 6 7 6 1
0 8 10 11 6 6 8 1
0 12 13 14 9 10 9 1
0 12 14 15 9 9 11 1
0 16 17 18 12 13 12 1
0 16 18 19 12 12 14 1
0 20 21 22 15 16 15 1
0 20 22 23 15 15 17 1
"Cube.009_Cube.010" 0 2
24
0 5.050804 1.469841 -0.254888 0.375000 0.000000 -1
0 5.050469 1.470182 -0.104889 0.625000 0.000000 -1
0 5.650102 1.491132 -0.103599 0.625000 0.250000 -1
0 5.650436 1.490791 -0.253598 0.375000 0.250000 -1
0 5.650436 1.490791 -0.253598 0.375000 0.250000 -1
0 5.650102 1.491132 -0.103599 0.625000 0.250000 -1
0 5.719923 -0.507644 -0.098900 0.625000 0.500000 -1
0 5.720258 -0.507985 -0.248899 0.375000 0.500000 -1
0 5.720258 -0.507985 -0.248899 0.375000 0.500000 -1
0 5.719923 -0.507644 -0.098900 0.625000 0.500000 -1
0 5.120291 -0.528593 -0.100190 0.625000 0.750000 -1
0 5.120625 -0.528934 -0.250189 0.375000 0.750000 -1
0 5.120625 -0.528934 -0.250189 0.375000 0.750000 -1
0 5.120291 -0.528593 -0.100190 0.625000 0.750000 -1
0 5.050469 1.470182 -0.104889 0.625000 1.000000 -1
0 5.050804 1.469841 -0.254888 0.375000 1.000000 -1
0 5.650436 1.490791 -0.253598 0.125000 0.500000 -1
0 5.720258 -0.507985 -0.248899 0.375000 0.500000 -1
0 5.120625 -0.528934 -0.250189 0.375000 0.750000 -1
0 5.050804 1.469841 -0.254888 0.125000 0.750000 -1
0 5.719923 -0.507644 -0.098900 0.625000 0.500000 -1
0 5.650102 1.491132 -0.103599 0.875000 0.500000 -1
0 5.050469 1.470182 -0.104889 0.875000 0.750000 -1
0 5.120291 -0.528593 -0.100190 0.625000 0.750000 -1
18
-0.034912 0.999388 -0.002350
-0.034912 0.999388 -0.002350
-0.034912 0.999388 -0.002350
0.999388 0.034916 0.002149
0.999388 0.034915 0.002145
0.999388 0.034916 0.002154
0.034910 -0.999388 0.002350
0.034910 -0.999388 0.002350
0.034910 -0.999388 0.002350
-0.999388 -0.034916 -0.002149
-0.999388 -0.034916 -0.002145
-0.999388 -0.034916 -0.002154
0.002231 -0.002273 -0.999995
0.002231 -0.002273 -0.999995
0.002231 -0.002273 -0.999995
-0.002231 0.002273 0.999995
-0.002231 0.002273 0.999995
-0.002231 0.002273 0.999995
12
0 0 1 2 0 1 0 1
0 0 2 3 0 0 2 1
0 4 5 6 3 4 3 1
0 4 6 7 3 3 5 1
0 8 9 10 6 7 6 1
0 8 10 11 6 6 8 1
0 12 13 14 9 10 9 1
0 12 14 15 9 9 11 1
0 16 17 18 12 13 12 1
0 16 18 19 12 12 14 1
0 20 21 22 15 16 15 1
0 20 22 23 15 15 17 1
"Cube.010_Cube.011" 0 2
23
0 5.681746 1.494734 -0.246014 0.375000 0.000000 -1
0 5.681531 1.493943 -0.096016 0.625000 0.000000 -1
0 6.280875 1.521959 -0.095009 0.625000 0.250000 -1
0 6.281091 1.522749 -0.245007 0.375000 0.250000 -1
0 6.281091 1.522749 -0.245007 0.375000 0.250000 -1
0 6.280875 1.521959 -0.095009 0.625000 0.250000 -1
0 6.374277 -0.475832 -0.105403 0.625000 0.500000 -1
0 6.374492 -0.475042 -0.255401 0.375000 0.500000 -1
0 6.374492 -0.475042 -0.255401 0.375000 0.500000 -1
0 6.374277 -0.475832 -0.105403 0.625000 0.500000 -1
0 5.774932 -0.503848 -0.106410 0.625000 0.750000 -1
0 5.775147 -0.503057 -0.256408 0.375000 0.750000 -1
0 5.775147 -0.503057 -0.256408 0.375000 0.750000 -1
0 5.774932 -0.503848 -0.106410 0.625000 0.750000 -1
0 5.681531 1.493943 -0.096016 0.625000 1.000000 -1
0 5.681746 1.494734 -0.246014 0.375000 1.000000 -1
0 6.281091 1.522749 -0.245007 0.125000 0.500000 -1
0 6.374492 -0.475042 -0.255401 0.375000 0.500000 -1
0 5.775147 -0.503057 -0.256408 0.375000 0.750000 -1
0 5.681746 1.494734 -0.246014 0.125000 0.750000 -1
0 6.280875 1.521959 -0.095009 0.875000 0.500000 -1
0 5.681531 1.493943 -0.096016 0.875000 0.750000 -1
0 5.774932 -0.503848 -0.106410 0.625000 0.750000 -1
18
-0.046701 0.998895 0.005197
-0.046701 0.998895 0.005201
-0.046700 0.998895 0.005194
0.998908 0.046693 0.001681
0.998908 0.046693 0.001684
0.998908 0.046692 0.001678
0.046701 -0.998895 -0.005197
0.046701 -0.998895 -0.005194
0.046700 -0.998895 -0.005201
-0.998908 -0.046692 -0.001678
-0.998908 -0.046692 -0.001678
-0.998908 -0.046692 -0.001678
0.001434 0.005270 -0.999985
0.001434 0.005270 -0.999985
0.001434 0.005270 -0.999985
-0.001434 -0.005270 0.999985
-0.001434 -0.005270 0.999985
-0.001434 -0.005270 0.999985
12
0 0 1 2 0 1 0 1
0 0 2 3 0 0 2 1
0 4 5 6 3 4 3 1
0 4 6 7 3 3 5 1
0 8 9 10 6 7 6 1
0 8 10 11 6 6 8 1
0 12 13 14 9 10 9 1
0 12 14 15 9 9 11 1
0 16 17 18 12 13 12 1
0 16 18 19 12 12 14 1
0 9 20 21 15 16 15 1
0 9 21 22 15 15 17 1
"Cube.011_Cube.012" 0 2
24
0 6.404178 1.493230 -0.239586 0.375000 0.000000 -1
0 6.404566 1.492849 -0.089587 0.625000 0.000000 -1
0 7.004012 1.467121 -0.091202 0.625000 0.250000 -1
0 7.003624 1.467502 -0.241201 0.375000 0.250000 -1
0 7.003624 1.467502 -0.241201 0.375000 0.250000 -1
0 7.004012 1.467121 -0.091202 0.625000 0.250000 -1
0 6.918238 -0.531033 -0.096050 0.625000 0.500000 -1
0 6.917850 -0.530652 -0.246049 0.375000 0.500000 -1
0 6.917850 -0.530652 -0.246049 0.375000 0.500000 -1
0 6.918238 -0.531033 -0.096050 0.625000 0.500000 -1
0 6.318792 -0.505305 -0.094436 0.625000 0.750000 -1
0 6.318404 -0.504924 -0.244435 0.375000 0.750000 -1
0 6.318404 -0.504924 -0.244435 0.375000 0.750000 -1
0 6.318792 -0.505305 -0.094436 0.625000 0.750000 -1
0 6.404566 1.492849 -0.089587 0.625000 1.000000 -1
0 6.404178 1.493230 -0.239586 0.375000 1.000000 -1
0 7.003624 1.467502 -0.241201 0.125000 0.500000 -1
0 6.917850 -0.530652 -0.246049 0.375000 0.500000 -1
0 6.318404 -0.504924 -0.244435 0.375000 0.750000 -1
0 6.404178 1.493230 -0.239586 0.125000 0.750000 -1
0 6.918238 -0.531033 -0.096050 0.625000 0.500000 -1
0 7.004012 1.467121 -0.091202 0.875000 0.500000 -1
0 6.404566 1.492849 -0.089587 0.875000 0.750000 -1
0 6.318792 -0.505305 -0.094436 0.625000 0.750000 -1
14
0.042887 0.999077 0.002427
0.042887 0.999077 0.002427
0.042887 0.999077 0.002427
0.999077 -0.042880 -0.002694
-0.042887 -0.999077 -0.002427
-0.042887 -0.999077 -0.002427
-0.042887 -0.999077 -0.002427
-0.999077 0.042880 0.002691
-0.002584 0.002537 -0.999993
-0.002584 0.002537 -0.999993
-0.002585 0.002538 -0.999993
0.002584 -0.002537 0.999993
0.002585 -0.002537 0.999993
0.002584 -0.002538 0.999993
12
0 0 1 2 0 1 0 1
0 0 2 3 0 0 2 1
0 4 5 6 3 3 3 1
0 4 6 7 3 3 3 1
0 8 9 10 4 5 4 1
0 8 10 11 4 4 6 1
0 12 13 14 7 7 7 1
0 12 14 15 7 7 7 1
0 16 17 18 8 9 8 1
0 16 18 19 8 8 10 1
0 20 21 22 11 12 11 1
0 20 22 23 11 11 13 1
"Cube.012_Cube.013" 0 2
24
0 6.986298 1.468760 -0.262175 0.375000 0.000000 -1
0 6.985981 1.469472 -0.112177 0.625000 0.000000 -1
0 7.585959 1.474444 -0.110935 0.625000 0.250000 -1
0 7.586276 1.473732 -0.260933 0.375000 0.250000 -1
0 7.586276 1.473732 -0.260933 0.375000 0.250000 -1
0 7.585959 1.474444 -0.110935 0.625000 0.250000 -1
0 7.602512 -0.525465 -0.101410 0.625000 0.500000 -1
0 7.602829 -0.526176 -0.251408 0.375000 0.500000 -1
0 7.602829 -0.526176 -0.251408 0.375000 0.500000 -1
0 7.602512 -0.525465 -0.101410 0.625000 0.500000 -1
0 7.002534 -0.530437 -0.102652 0.625000 0.750000 -1
0 7.002851 -0.531148 -0.252650 0.375000 0.750000 -1
0 7.002851 -0.531148 -0.252650 0.375000 0.750000 -1
0 7.002534 -0.530437 -0.102652 0.625000 0.750000 -1
0 6.985981 1.469472 -0.112177 0.625000 1.000000 -1
0 6.986298 1.468760 -0.262175 0.375000 1.000000 -1
0 7.586276 1.473732 -0.260933 0.125000 0.500000 -1
0 7.602829 -0.526176 -0.251408 0.375000 0.500000 -1
0 7.002851 -0.531148 -0.252650 0.375000 0.750000 -1
0 6.986298 1.468760 -0.262175 0.125000 0.750000 -1
0 7.602512 -0.525465 -0.101410 0.625000 0.500000 -1
0 7.585959 1.474444 -0.110935 0.875000 0.500000 -1
0 6.985981 1.469472 -0.112177 0.875000 0.750000 -1
0 7.002534 -0.530437 -0.102652 0.625000 0.750000 -1
16
-0.008277 0.999954 -0.004764
-0.008277 0.999954 -0.004764
-0.008277 0.999954 -0.004764
0.999964 0.008286 0.002075
0.999964 0.008286 0.002075
0.999964 0.008286 0.002075
0.008277 -0.999954 0.004757
0.008277 -0.999954 0.004757
0.008277 -0.999954 0.004758
-0.999964 -0.008286 -0.002075
-0.999964 -0.008286 -0.002075
-0.999964 -0.008286 -0.002075
0.002109 -0.004745 -0.999987
0.002109 -0.004745 -0.999987
0.002109 -0.004745 -0.999987
-0.002109 0.004745 0.999987
12
0 0 1 2 0 1 0 1
0 0 2 3 0 0 2 1
0 4 5 6 3 4 3 1
0 4 6 7 3 3 5 1
0 8 9 10 6 7 6 1
0 8 10 11 6 6 8 1
0 12 13 14 9 10 9 1
0 12 14 15 9 9 11 1
0 16 17 18 12 13 12 1
0 16 18 19 12 12 14 1
0 20 21 22 15 15 15 1
0 20 22 23 15 15 15 1
"Cube.013_Cube.014" 0 2
24
0 7.651693 1.485271 -0.248971 0.375000 0.000000 -1
0 7.651577 1.485443 -0.098971 0.625000 0.000000 -1
0 8.251513 1.476714 -0.098494 0.625000 0.250000 -1
0 8.251630 1.476541 -0.248494 0.375000 0.250000 -1
0 8.251630 1.476541 -0.248494 0.375000 0.250000 -1
0 8.251513 1.476714 -0.098494 0.625000 0.250000 -1
0 8.222412 -0.523073 -0.096215 0.625000 0.500000 -1
0 8.222528 -0.523246 -0.246215 0.375000 0.500000 -1
0 8.222528 -0.523246 -0.246215 0.375000 0.500000 -1
0 8.222412 -0.523073 -0.096215 0.625000 0.500000 -1
0 7.622476 -0.514344 -0.096692 0.625000 0.750000 -1
0 7.622592 -0.514516 -0.246692 0.375000 0.750000 -1
0 7.622592 -0.514516 -0.246692 0.375000 0.750000 -1
0 7.622476 -0.514344 -0.096692 0.625000 0.750000 -1
0 7.651577 1.485443 -0.098971 0.625000 1.000000 -1
0 7.651693 1.485271 -0.248971 0.375000 1.000000 -1
0 8.251630 1.476541 -0.248494 0.125000 0.500000 -1
0 8.222528 -0.523246 -0.246215 0.375000 0.500000 -1
0 7.622592 -0.514516 -0.246692 0.375000 0.750000 -1
0 7.651693 1.485271 -0.248971 0.125000 0.750000 -1
0 8.222412 -0.523073 -0.096215 0.625000 0.500000 -1
0 8.251513 1.476714 -0.098494 0.875000 0.500000 -1
0 7.651577 1.485443 -0.098971 0.875000 0.750000 -1
0 7.622476 -0.514344 -0.096692 0.625000 0.750000 -1
16
0.014550 0.999893 -0.001139
0.014549 0.999893 -0.001135
0.014551 0.999893 -0.001142
0.999894 -0.014550 0.000796
0.999894 -0.014549 0.000799
0.999894 -0.014550 0.000792
-0.014550 -0.999893 0.001139
-0.014549 -0.999893 0.001142
-0.014551 -0.999893 0.001135
-0.999894 0.014550 -0.000789
0.000778 -0.001151 -0.999999
0.000778 -0.001151 -0.999999
0.000778 -0.001151 -0.999999
-0.000778 0.001151 0.999999
-0.000778 0.001151 0.999999
-0.000778 0.001151 0.999999
12
0 0 1 2 0 1 0 1
0 0 2 3 0 0 2 1
0 4 5 6 3 4 3 1
0 4 6 7 3 3 5 1
0 8 9 10 6 7 6 1
0 8 10 11 6 6 8 1
0 12 13 14 9 9 9 1
0 12 14 15 9 9 9 1
0 16 17 18 10 11 10 1
0 16 18 19 10 10 12 1
0 20 21 22 13 14 13 1
0 20 22 23 13 13 15 1
"Cube.014_Cube.015" 0 2
14
0 8.240332 1.465434 -0.253183 0.375000 0.000000 -1
0 8.240808 1.464985 -0.103184 0.625000 0.000000 -1
0 8.840086 1.494356 -0.105002 0.625000 0.250000 -1
0 8.839609 1.494806 -0.255001 0.375000 0.250000 -1
0 8.937971 -0.503237 -0.111301 0.625000 0.500000 -1
0 8.937494 -0.502788 -0.261300 0.375000 0.500000 -1
0 8.338694 -0.532609 -0.109483 0.625000 0.750000 -1
0 8.338217 -0.532159 -0.259481 0.375000 0.750000 -1
0 8.240808 1.464985 -0.103184 0.625000 1.000000 -1
0 8.240332 1.465434 -0.253183 0.375000 1.000000 -1
0 8.839609 1.494806 -0.255001 0.125000 0.500000 -1
0 8.240332 1.465434 -0.253183 0.125000 0.750000 -1
0 8.840086 1.494356 -0.105002 0.875000 0.500000 -1
0 8.240808 1.464985 -0.103184 0.875000 0.750000 -1
18
-0.048943 0.998797 0.003148
-0.048942 0.998797 0.003145
-0.048944 0.998797 0.003152
0.998797 0.048952 -0.003028
0.998797 0.048952 -0.003028
0.998797 0.048952 -0.003029
0.048943 -0.998797 -0.003149
0.048944 -0.998797 -0.003145
0.048942 -0.998797 -0.003152
-0.998797 -0.048952 0.003025
-0.998797 -0.048953 0.003028
-0.998797 -0.048952 0.003022
-0.003181 0.002997 -0.999990
-0.003182 0.002997 -0.999990
-0.003181 0.002997 -0.999990
0.003181 -0.002997 0.999990
0.003181 -0.002997 0.999990
0.003181 -0.002997 0.999990
12
0 0 1 2 0 1 0 1
0 0 2 3 0 0 2 1
0 3 2 4 3 4 3 1
0 3 4 5 3 3 5 1
0 5 4 6 6 7 6 1
0 5 6 7 6 6 8 1
0 7 6 8 9 10 9 1
0 7 8 9 9 9 11 1
0 10 5 7 12 13 12 1
0 10 7 11 12 12 14 1
0 4 12 13 15 16 15 1
0 4 13 6 15 15 17 1
"Cube.015_Cube.016" 0 2
24
0 8.910798 1.527975 -0.249658 0.375000 0.000000 -1
0 8.911034 1.528477 -0.099659 0.625000 0.000000 -1
0 9.511032 1.528718 -0.100600 0.625000 0.250000 -1
0 9.510798 1.528216 -0.250599 0.375000 0.250000 -1
0 9.510798 1.528216 -0.250599 0.375000 0.250000 -1
0 9.511032 1.528718 -0.100600 0.625000 0.250000 -1
0 9.511847 -0.471271 -0.093904 0.625000 0.500000 -1
0 9.511612 -0.471773 -0.243903 0.375000 0.500000 -1
0 9.511612 -0.471773 -0.243903 0.375000 0.500000 -1
0 9.511847 -0.471271 -0.093904 0.625000 0.500000 -1
0 8.911848 -0.471512 -0.092964 0.625000 0.750000 -1
0 8.911613 -0.472014 -0.242963 0.375000 0.750000 -1
0 8.911613 -0.472014 -0.242963 0.375000 0.750000 -1
0 8.911848 -0.471512 -0.092964 0.625000 0.750000 -1
0 8.911034 1.528477 -0.099659 0.625000 1.000000 -1
0 8.910798 1.527975 -0.249658 0.375000 1.000000 -1
0 9.510798 1.528216 -0.250599 0.125000 0.500000 -1
0 9.511612 -0.471773 -0.243903 0.375000 0.500000 -1
0 8.911613 -0.472014 -0.242963 0.375000 0.750000 -1
0 8.910798 1.527975 -0.249658 0.125000 0.750000 -1
0 9.511847 -0.471271 -0.093904 0.625000 0.500000 -1
0 9.511032 1.528718 -0.100600 0.875000 0.500000 -1
0 8.911034 1.528477 -0.099659 0.875000 0.750000 -1
0 8.911848 -0.471512 -0.092964 0.625000 0.750000 -1
18
-0.000407 0.999994 -0.003346
-0.000407 0.999994 -0.003346
-0.000407 0.999994 -0.003346
0.999999 0.000402 -0.001562
0.999999 0.000402 -0.001559
0.999999 0.000402 -0.001565
0.000407 -0.999994 0.003346
0.000407 -0.999994 0.003346
0.000407 -0.999994 0.003346
-0.999999 -0.000402 0.001569
-0.999999 -0.000402 0.001565
-0.999999 -0.000402 0.001572
-0.001566 -0.003348 -0.999993
-0.001565 -0.003349 -0.999993
-0.001567 -0.003348 -0.999993
0.001566 0.003348 0.999993
0.001567 0.003349 0.999993
0.001565 0.003348 0.999993
12
0 0 1 2 0 1 0 1
0 0 2 3 0 0 2 1
0 4 5 6 3 4 3 1
0 4 6 7 3 3 5 1
0 8 9 10 6 7 6 1
0 8 10 11 6 6 8 1
0 12 13 14 9 10 9 1
0 12 14 15 9 9 11 1
0 16 17 18 12 13 12 1
0 16 18 19 12 12 14 1
0 20 21 22 15 16 15 1
0 20 22 23 15 15 17 1
"Cube.016_Cube.017" 0 2
24
0 9.586762 1.491836 -0.241767 0.375000 0.000000 -1
0 9.586207 1.491199 -0.091770 0.625000 0.000000 -1
0 10.185792 1.468970 -0.089644 0.625000 0.250000 -1
0 10.186347 1.469607 -0.239641 0.375000 0.250000 -1
0 10.186347 1.469607 -0.239641 0.375000 0.250000 -1
0 10.185792 1.468970 -0.089644 0.625000 0.250000 -1
0 10.111728 -0.529639 -0.098408 0.625000 0.500000 -1
0 10.112283 -0.529002 -0.248406 0.375000 0.500000 -1
0 10.112283 -0.529002 -0.248406 0.375000 0.500000 -1
0 10.111728 -0.529639 -0.098408 0.625000 0.500000 -1
0 9.512143 -0.507410 -0.100534 0.625000 0.750000 -1
0 9.512698 -0.506773 -0.250532 0.375000 0.750000 -1
0 9.512698 -0.506773 -0.250532 0.375000 0.750000 -1
0 9.512143 -0.507410 -0.100534 0.625000 0.750000 -1
0 9.586207 1.491199 -0.091770 0.625000 1.000000 -1
0 9.586762 1.491836 -0.241767 0.375000 1.000000 -1
0 10.186347 1.469607 -0.239641 0.125000 0.500000 -1
0 10.112283 -0.529002 -0.248406 0.375000 0.500000 -1
0 9.512698 -0.506773 -0.250532 0.375000 0.750000 -1
0 9.586762 1.491836 -0.241767 0.125000 0.750000 -1
0 10.111728 -0.529639 -0.098408 0.625000 0.500000 -1
0 10.185792 1.468970 -0.089644 0.875000 0.500000 -1
0 9.586207 1.491199 -0.091770 0.875000 0.750000 -1
0 9.512143 -0.507410 -0.100534 0.625000 0.750000 -1
16
0.037033 0.999304 0.004381
0.037033 0.999304 0.004380
0.037033 0.999304 0.004381
0.999307 -0.037048 0.003540
0.999307 -0.037048 0.003540
0.999307 -0.037048 0.003540
-0.037033 -0.999304 -0.004381
-0.037033 -0.999304 -0.004381
-0.999307 0.037048 -0.003540
-0.999307 0.037048 -0.003540
-0.999307 0.037048 -0.003540
0.003703 0.004248 -0.999984
0.003703 0.004248 -0.999984
-0.003703 -0.004248 0.999984
-0.003703 -0.004248 0.999984
-0.003703 -0.004248 0.999984
12
0 0 1 2 0 1 0 1
0 0 2 3 0 0 2 1
0 4 5 6 3 4 3 1
0 4 6 7 3 3 5 1
0 8 9 10 6 7 6 1
0 8 10 11 6 6 6 1
0 12 13 14 8 9 8 1
0 12 14 15 8 8 10 1
0 16 17 18 11 12 11 1
0 16 18 19 11 11 11 1
0 20 21 22 13 14 13 1
0 20 22 23 13 13 15 1
"Cube.017_Cube.018" 0 2
24
0 10.217070 1.490968 -0.251076 0.375000 0.000000 -1
0 10.217460 1.490814 -0.101077 0.625000 0.000000 -1
0 10.817446 1.486937 -0.102644 0.625000 0.250000 -1
0 10.817055 1.487092 -0.252643 0.375000 0.250000 -1
0 10.817055 1.487092 -0.252643 0.375000 0.250000 -1
0 10.817446 1.486937 -0.102644 0.625000 0.250000 -1
0 10.804518 -0.513020 -0.104671 0.625000 0.500000 -1
0 10.804128 -0.512865 -0.254670 0.375000 0.500000 -1
0 10.804128 -0.512865 -0.254670 0.375000 0.500000 -1
0 10.804518 -0.513020 -0.104671 0.625000 0.500000 -1
0 10.204533 -0.509143 -0.103104 0.625000 0.750000 -1
0 10.204142 -0.508989 -0.253104 0.375000 0.750000 -1
0 10.204142 -0.508989 -0.253104 0.375000 0.750000 -1
0 10.204533 -0.509143 -0.103104 0.625000 0.750000 -1
0 10.217460 1.490814 -0.101077 0.625000 1.000000 -1
0 10.217070 1.490968 -0.251076 0.375000 1.000000 -1
0 10.817055 1.487092 -0.252643 0.125000 0.500000 -1
0 10.804128 -0.512865 -0.254670 0.375000 0.500000 -1
0 10.204142 -0.508989 -0.253104 0.375000 0.750000 -1
0 10.217070 1.490968 -0.251076 0.125000 0.750000 -1
0 10.804518 -0.513020 -0.104671 0.625000 0.500000 -1
0 10.817446 1.486937 -0.102644 0.875000 0.500000 -1
0 10.217460 1.490814 -0.101077 0.875000 0.750000 -1
0 10.204533 -0.509143 -0.103104 0.625000 0.750000 -1
18
0.006463 0.999979 0.001013
0.006464 0.999979 0.001010
0.006463 0.999979 0.001016
0.999976 -0.006461 -0.002610
0.999976 -0.006461 -0.002613
0.999976 -0.006461 -0.002607
-0.006464 -0.999979 -0.001013
-0.006464 -0.999979 -0.001016
-0.006463 -0.999979 -0.001010
-0.999976 0.006461 0.002610
-0.999976 0.006461 0.002613
-0.999976 0.006461 0.002607
-0.002604 0.001031 -0.999996
-0.002603 0.001030 -0.999996
-0.002605 0.001031 -0.999996
0.002605 -0.001030 0.999996
0.002605 -0.001030 0.999996
0.002605 -0.001030 0.999996
12
0 0 1 2 0 1 0 1
0 0 2 3 0 0 2 1
0 4 5 6 3 4 3 1
0 4 6 7 3 3 5 1
0 8 9 10 6 7 6 1
0 8 10 11 6 6 8 1
0 12 13 14 9 10 9 1
0 12 14 15 9 9 11 1
0 16 17 18 12 13 12 1
0 16 18 19 12 12 14 1
0 20 21 22 15 16 15 1
0 20 22 23 15 15 17 1
"Cube.018_Cube.019" 0 2
23
0 10.892384 1.465714 -0.249506 0.375000 0.000000 -1
0 10.892593 1.465178 -0.099507 0.625000 0.000000 -1
0 11.492359 1.448438 -0.100404 0.625000 0.250000 -1
0 11.492149 1.448975 -0.250403 0.375000 0.250000 -1
0 11.492149 1.448975 -0.250403 0.375000 0.250000 -1
0 11.492359 1.448438 -0.100404 0.625000 0.250000 -1
0 11.436550 -0.550770 -0.107476 0.625000 0.500000 -1
0 11.436340 -0.550234 -0.257475 0.375000 0.500000 -1
0 11.436340 -0.550234 -0.257475 0.375000 0.500000 -1
0 11.436550 -0.550770 -0.107476 0.625000 0.500000 -1
0 10.836784 -0.534031 -0.106579 0.625000 0.750000 -1
0 10.836575 -0.533495 -0.256578 0.375000 0.750000 -1
0 10.836575 -0.533495 -0.256578 0.375000 0.750000 -1
0 10.836784 -0.534031 -0.106579 0.625000 0.750000 -1
0 10.892593 1.465178 -0.099507 0.625000 1.000000 -1
0 10.892384 1.465714 -0.249506 0.375000 1.000000 -1
0 11.492149 1.448975 -0.250403 0.125000 0.500000 -1
0 11.436340 -0.550234 -0.257475 0.375000 0.500000 -1
0 10.836575 -0.533495 -0.256578 0.375000 0.750000 -1
0 10.892384 1.465714 -0.249506 0.125000 0.750000 -1
0 11.492359 1.448438 -0.100404 0.875000 0.500000 -1
0 10.892593 1.465178 -0.099507 0.875000 0.750000 -1
0 10.836784 -0.534031 -0.106579 0.625000 0.750000 -1
14
0.027904 0.999604 0.003536
0.027905 0.999604 0.003533
0.027903 0.999604 0.003539
0.999610 -0.027899 -0.001498
0.999610 -0.027899 -0.001498
0.999610 -0.027899 -0.001498
-0.027903 -0.999604 -0.003533
-0.999610 0.027899 0.001498
-0.001396 0.003576 -0.999993
-0.001396 0.003576 -0.999993
-0.001396 0.003576 -0.999993
0.001396 -0.003576 0.999993
0.001396 -0.003576 0.999993
0.001396 -0.003576 0.999993
12
0 0 1 2 0 1 0 1
0 0 2 3 0 0 2 1
0 4 5 6 3 4 3 1
0 4 6 7 3 3 5 1
0 8 9 10 6 6 6 1
0 8 10 11 6 6 6 1
0 12 13 14 7 7 7 1
0 12 14 15 7 7 7 1
0 16 17 18 8 9 8 1
0 16 18 19 8 8 10 1
0 9 20 21 11 12 11 1
0 9 21 22 11 11 13 1
"Cube.019_Cube.020" 0 2
24
0 11.534541 1.502024 -0.248540 0.375000 0.000000 -1
0 11.534938 1.501306 -0.098542 0.625000 0.000000 -1
0 12.134853 1.491379 -0.100175 0.625000 0.250000 -1
0 12.134457 1.492097 -0.250172 0.375000 0.250000 -1
0 12.134457 1.492097 -0.250172 0.375000 0.250000 -1
0 12.134853 1.491379 -0.100175 0.625000 0.250000 -1
0 12.101739 -0.508324 -0.109665 0.625000 0.500000 -1
0 12.101342 -0.507606 -0.259663 0.375000 0.500000 -1
0 12.101342 -0.507606 -0.259663 0.375000 0.500000 -1
0 12.101739 -0.508324 -0.109665 0.625000 0.500000 -1
0 11.501823 -0.498398 -0.108032 0.625000 0.750000 -1
0 11.501427 -0.497679 -0.258030 0.375000 0.750000 -1
0 11.501427 -0.497679 -0.258030 0.375000 0.750000 -1
0 11.501823 -0.498398 -0.108032 0.625000 0.750000 -1
0 11.534938 1.501306 -0.098542 0.625000 1.000000 -1
0 11.534541 1.502024 -0.248540 0.375000 1.000000 -1
0 12.134457 1.492097 -0.250172 0.125000 0.500000 -1
0 12.101342 -0.507606 -0.259663 0.375000 0.500000 -1
0 11.501427 -0.497679 -0.258030 0.375000 0.750000 -1
0 11.534541 1.502024 -0.248540 0.125000 0.750000 -1
0 12.101739 -0.508324 -0.109665 0.625000 0.500000 -1
0 12.134853 1.491379 -0.100175 0.875000 0.500000 -1
0 11.534938 1.501306 -0.098542 0.875000 0.750000 -1
0 11.501823 -0.498398 -0.108032 0.625000 0.750000 -1
18
0.016558 0.999852 0.004742
0.016558 0.999852 0.004742
0.016558 0.999852 0.004742
0.999859 -0.016544 -0.002724
0.999859 -0.016544 -0.002724
0.999859 -0.016544 -0.002724
-0.016557 -0.999852 -0.004746
-0.016556 -0.999852 -0.004742
-0.016558 -0.999852 -0.004749
-0.999859 0.016544 0.002724
-0.999859 0.016544 0.002724
-0.999859 0.016544 0.002724
-0.002642 0.004790 -0.999985
-0.002643 0.004790 -0.999985
-0.002641 0.004789 -0.999985
0.002643 -0.004789 0.999985
0.002643 -0.004789 0.999985
0.002643 -0.004789 0.999985
12
0 0 1 2 0 1 0 1
0 0 2 3 0 0 2 1
0 4 5 6 3 4 3 1
0 4 6 7 3 3 5 1
0 8 9 10 6 7 6 1
0 8 10 11 6 6 8 1
0 12 13 14 9 10 9 1
0 12 14 15 9 9 11 1
0 16 17 18 12 13 12 1
0 16 18 19 12 12 14 1
0 20 21 22 15 16 15 1
0 20 22 23 15 15 17 1
"Cube.020_Cube.021" 0 2
24
0 12.146994 1.460066 -0.245952 0.375000 0.000000 -1
0 12.147167 1.460203 -0.095952 0.625000 0.000000 -1
0 12.747082 1.470343 -0.096656 0.625000 0.250000 -1
0 12.746908 1.470205 -0.246655 0.375000 0.250000 -1
0 12.746908 1.470205 -0.246655 0.375000 0.250000 -1
0 12.747082 1.470343 -0.096656 0.625000 0.250000 -1
0 12.780882 -0.529371 -0.094863 0.625000 0.500000 -1
0 12.780708 -0.529508 -0.244863 0.375000 0.500000 -1
0 12.780708 -0.529508 -0.244863 0.375000 0.500000 -1
0 12.780882 -0.529371 -0.094863 0.625000 0.500000 -1
0 12.180967 -0.539510 -0.094160 0.625000 0.750000 -1
0 12.180794 -0.539648 -0.244159 0.375000 0.750000 -1
0 12.180794 -0.539648 -0.244159 0.375000 0.750000 -1
0 12.180967 -0.539510 -0.094160 0.625000 0.750000 -1
0 12.147167 1.460203 -0.095952 0.625000 1.000000 -1
0 12.146994 1.460066 -0.245952 0.375000 1.000000 -1
0 12.746908 1.470205 -0.246655 0.125000 0.500000 -1
0 12.780708 -0.529508 -0.244863 0.375000 0.500000 -1
0 12.180794 -0.539648 -0.244159 0.375000 0.750000 -1
0 12.146994 1.460066 -0.245952 0.125000 0.750000 -1
0 12.780882 -0.529371 -0.094863 0.625000 0.500000 -1
0 12.747082 1.470343 -0.096656 0.875000 0.500000 -1
0 12.147167 1.460203 -0.095952 0.875000 0.750000 -1
0 12.180967 -0.539510 -0.094160 0.625000 0.750000 -1
18
-0.016900 0.999857 -0.000897
-0.016901 0.999857 -0.000894
-0.016899 0.999857 -0.000901
0.999857 0.016899 -0.001172
0.999857 0.016899 -0.001173
0.999857 0.016899 -0.001172
0.016900 -0.999857 0.000897
0.016899 -0.999857 0.000893
0.016901 -0.999857 0.000900
-0.999857 -0.016899 0.001172
-0.999857 -0.016899 0.001173
-0.999857 -0.016899 0.001172
-0.001157 -0.000916 -0.999999
-0.001158 -0.000916 -0.999999
-0.001156 -0.000916 -0.999999
0.001157 0.000916 0.999999
0.001158 0.000916 0.999999
0.001156 0.000916 0.999999
12
0 0 1 2 0 1 0 1
0 0 2 3 0 0 2 1
0 4 5 6 3 4 3 1
0 4 6 7 3 3 5 1
0 8 9 10 6 7 6 1
0 8 10 11 6 6 8 1
0 12 13 14 9 10 9 1
0 12 14 15 9 9 11 1
0 16 17 18 12 13 12 1
0 16 18 19 12 12 14 1
0 20 21 22 15 16 15 1
0 20 22 23 15 15 17 1
"Cube.021_Cube.022" 0 2
24
0 12.803886 1.476105 -0.252612 0.375000 0.000000 -1
0 12.803296 1.476004 -0.102613 0.625000 0.000000 -1
0 13.403264 1.470248 -0.100254 0.625000 0.250000 -1
0 13.403854 1.470350 -0.250253 0.375000 0.250000 -1
0 13.403854 1.470350 -0.250253 0.375000 0.250000 -1
0 13.403264 1.470248 -0.100254 0.625000 0.250000 -1
0 13.384083 -0.529659 -0.101682 0.625000 0.500000 -1
0 13.384673 -0.529558 -0.251681 0.375000 0.500000 -1
0 13.384673 -0.529558 -0.251681 0.375000 0.500000 -1
0 13.384083 -0.529659 -0.101682 0.625000 0.500000 -1
0 12.784115 -0.523903 -0.104041 0.625000 0.750000 -1
0 12.784705 -0.523802 -0.254039 0.375000 0.750000 -1
0 12.784705 -0.523802 -0.254039 0.375000 0.750000 -1
0 12.784115 -0.523903 -0.104041 0.625000 0.750000 -1
0 12.803296 1.476004 -0.102613 0.625000 1.000000 -1
0 12.803886 1.476105 -0.252612 0.375000 1.000000 -1
0 13.403854 1.470350 -0.250253 0.125000 0.500000 -1
0 13.384673 -0.529558 -0.251681 0.375000 0.500000 -1
0 12.784705 -0.523802 -0.254039 0.375000 0.750000 -1
0 12.803886 1.476105 -0.252612 0.125000 0.750000 -1
0 13.384083 -0.529659 -0.101682 0.625000 0.500000 -1
0 13.403264 1.470248 -0.100254 0.875000 0.500000 -1
0 12.803296 1.476004 -0.102613 0.875000 0.750000 -1
0 12.784115 -0.523903 -0.104041 0.625000 0.750000 -1
16
0.009590 0.999954 0.000714
0.009591 0.999954 0.000711
0.009589 0.999954 0.000718
0.999946 -0.009593 0.003929
0.999946 -0.009593 0.003929
0.999946 -0.009593 0.003929
-0.009591 -0.999954 -0.000711
-0.009591 -0.999954 -0.000711
-0.009591 -0.999954 -0.000711
-0.999946 0.009593 -0.003929
-0.999946 0.009593 -0.003929
-0.999946 0.009593 -0.003929
0.003937 0.000676 -0.999992
0.003937 0.000676 -0.999992
0.003938 0.000676 -0.999992
-0.003938 -0.000676 0.999992
12
0 0 1 2 0 1 0 1
0 0 2 3 0 0 2 1
0 4 5 6 3 4 3 1
0 4 6 7 3 3 5 1
0 8 9 10 6 7 6 1
0 8 10 11 6 6 8 1
0 12 13 14 9 10 9 1
0 12 14 15 9 9 11 1
0 16 17 18 12 13 12 1
0 16 18 19 12 12 14 1
0 20 21 22 15 15 15 1
0 20 22 23 15 15 15 1
"Cube.022_Cube.023" 0 2
24
0 13.428632 1.479894 -0.253640 0.375000 0.000000 -1
0 13.429008 1.480433 -0.103642 0.625000 0.000000 -1
0 14.029003 1.482281 -0.105155 0.625000 0.250000 -1
0 14.028626 1.481742 -0.255153 0.375000 0.250000 -1
0 14.028626 1.481742 -0.255153 0.375000 0.250000 -1
0 14.029003 1.482281 -0.105155 0.625000 0.250000 -1
0 14.035182 -0.517697 -0.097985 0.625000 0.500000 -1
0 14.034805 -0.518235 -0.247984 0.375000 0.500000 -1
0 14.034805 -0.518235 -0.247984 0.375000 0.500000 -1
0 14.035182 -0.517697 -0.097985 0.625000 0.500000 -1
0 13.435187 -0.519545 -0.096472 0.625000 0.750000 -1
0 13.434811 -0.520084 -0.246471 0.375000 0.750000 -1
0 13.434811 -0.520084 -0.246471 0.375000 0.750000 -1
0 13.435187 -0.519545 -0.096472 0.625000 0.750000 -1
0 13.429008 1.480433 -0.103642 0.625000 1.000000 -1
0 13.428632 1.479894 -0.253640 0.375000 1.000000 -1
0 14.028626 1.481742 -0.255153 0.125000 0.500000 -1
0 14.034805 -0.518235 -0.247984 0.375000 0.500000 -1
0 13.434811 -0.520084 -0.246471 0.375000 0.750000 -1
0 13.428632 1.479894 -0.253640 0.125000 0.750000 -1
0 14.035182 -0.517697 -0.097985 0.625000 0.500000 -1
0 14.029003 1.482281 -0.105155 0.875000 0.500000 -1
0 13.429008 1.480433 -0.103642 0.875000 0.750000 -1
0 13.435187 -0.519545 -0.096472 0.625000 0.750000 -1
18
-0.003089 0.999989 -0.003585
-0.003089 0.999989 -0.003585
-0.003089 0.999989 -0.003585
0.999992 0.003080 -0.002522
0.999992 0.003080 -0.002522
0.999992 0.003080 -0.002522
0.003090 -0.999989 0.003582
0.003089 -0.999989 0.003579
0.003091 -0.999989 0.003586
-0.999992 -0.003081 0.002519
-0.999992 -0.003081 0.002522
-0.999992 -0.003080 0.002516
-0.002511 -0.003592 -0.999990
-0.002511 -0.003592 -0.999990
-0.002511 -0.003592 -0.999990
0.002511 0.003593 0.999990
0.002511 0.003593 0.999990
0.002511 0.003593 0.999990
12
0 0 1 2 0 1 0 1
0 0 2 3 0 0 2 1
0 4 5 6 3 4 3 1
0 4 6 7 3 3 5 1
0 8 9 10 6 7 6 1
0 8 10 11 6 6 8 1
0 12 13 14 9 10 9 1
0 12 14 15 9 9 11 1
0 16 17 18 12 13 12 1
0 16 18 19 12 12 14 1
0 20 21 22 15 16 15 1
0 20 22 23 15 15 17 1
"Cylinder" 0 2
68
0 6.054615 1.439556 -2.283174 0.843750 0.500000 -1
0 6.119960 1.502838 -2.283174 0.910153 0.500000 -1
0 6.119960 1.502838 0.071261 0.910153 1.000000 -1
0 6.054615 1.439556 0.071261 0.843750 1.000000 -1
0 5.993368 1.410216 -2.283174 0.794067 0.500000 -1
0 5.993368 1.410216 0.071261 0.794067 1.000000 -1
0 5.895839 1.403402 -2.283174 0.722653 0.500000 -1
0 5.895839 1.403402 0.071261 0.722653 1.000000 -1
0 5.797575 1.449162 -2.283174 0.643433 0.500000 -1
0 5.797575 1.449162 0.071261 0.643433 1.000000 -1
0 5.742226 1.514243 -2.283174 0.580933 0.500000 -1
0 5.742226 1.514243 0.071261 0.580933 1.000000 -1
0 5.719664 1.578298 -2.283174 0.531250 0.500000 -1
0 5.719664 1.578298 0.071261 0.531250 1.000000 -1
0 5.715996 1.646111 -2.283174 0.481567 0.500000 -1
0 5.715996 1.646111 0.071261 0.481567 1.000000 -1
0 5.742226 1.727419 -2.283174 0.419067 0.500000 -1
0 5.742226 1.727419 0.071261 0.419067 1.000000 -1
0 5.791638 1.787627 -2.283174 0.362183 0.500000 -1
0 5.791638 1.787627 0.071261 0.362183 1.000000 -1
0 5.866266 1.829216 -2.283174 0.299683 0.500000 -1
0 5.866266 1.829216 0.071261 0.299683 1.000000 -1
0 5.951128 1.839079 -2.283174 0.237183 0.500000 -1
0 5.951128 1.839079 0.071261 0.237183 1.000000 -1
0 6.033307 1.815717 -2.283174 0.174683 0.500000 -1
0 6.033307 1.815717 0.071261 0.174683 1.000000 -1
0 6.087653 1.774992 -2.283174 0.125000 0.500000 -1
0 6.087653 1.774992 0.071261 0.125000 1.000000 -1
0 6.135196 1.710320 -2.283174 0.066593 0.500000 -1
0 6.128377 1.720645 0.071261 0.075317 1.000000 -1
0 5.742226 1.727419 0.071261 0.133681 0.041351 -1
0 5.715996 1.646111 0.071261 0.222382 0.012720 -1
0 5.719664 1.578298 0.071261 0.296822 0.014612 -1
0 5.742226 1.514243 0.071261 0.366319 0.041351 -1
0 5.797575 1.449162 0.071261 0.437311 0.101747 -1
0 5.895839 1.403402 0.071261 0.483662 0.209484 -1
0 5.993368 1.410216 0.071261 0.479787 0.315288 -1
0 6.054615 1.439556 0.071261 0.449553 0.383337 -1
0 6.119960 1.502838 0.071261 0.376850 0.450371 -1
0 6.151740 1.603193 0.071261 0.269204 0.488109 -1
0 6.147319 1.663364 0.071261 0.203178 0.485388 -1
0 6.128377 1.720645 0.071261 0.141138 0.462635 -1
0 6.087653 1.774992 0.071261 0.080294 0.419706 -1
0 6.033307 1.815717 0.071261 0.037366 0.358863 -1
0 5.951128 1.839079 0.071261 0.011891 0.269204 -1
0 5.866266 1.829216 0.071261 0.022667 0.176622 -1
0 5.791638 1.787627 0.071261 0.068053 0.095211 -1
0 6.151740 1.603193 -2.283174 0.000000 0.500000 -1
0 6.147319 1.663364 0.071261 0.031250 1.000000 -1
0 6.151740 1.603193 0.071261 0.000000 1.000000 -1
0 6.151740 1.603193 -2.283174 0.987183 0.500000 -1
0 6.151740 1.603193 0.071261 0.987183 1.000000 -1
0 5.866266 1.829216 -2.283174 0.522667 0.176622 -1
0 5.951128 1.839079 -2.283174 0.511891 0.269204 -1
0 6.033307 1.815717 -2.283174 0.537366 0.358863 -1
0 6.087653 1.774992 -2.283174 0.580294 0.419706 -1
0 6.135196 1.710320 -2.283174 0.653420 0.467139 -1
0 6.151740 1.603193 -2.283174 0.769204 0.488109 -1
0 6.119960 1.502838 -2.283174 0.876850 0.450371 -1
0 6.054615 1.439556 -2.283174 0.949553 0.383337 -1
0 5.993368 1.410216 -2.283174 0.979787 0.315288 -1
0 5.895839 1.403402 -2.283174 0.983662 0.209484 -1
0 5.797575 1.449162 -2.283174 0.937311 0.101747 -1
0 5.742226 1.514243 -2.283174 0.866319 0.041351 -1
0 5.719664 1.578298 -2.283174 0.796822 0.014612 -1
0 5.715996 1.646111 -2.283174 0.722382 0.012720 -1
0 5.742226 1.727419 -2.283174 0.633681 0.041351 -1
0 5.791638 1.787627 -2.283174 0.568052 0.095211 -1
36
0.614886 -0.788616 0.000000
0.891534 -0.452954 0.000000
0.803262 -0.595626 0.000000
0.525979 -0.850498 0.000000
0.316227 -0.948684 0.000000
0.193519 -0.981097 0.000000
-0.096988 -0.995286 0.000000
-0.265696 -0.964057 0.000000
-0.546539 -0.837433 0.000000
-0.662108 -0.749409 0.000000
-0.834627 -0.550815 0.000000
-0.896017 -0.444021 0.000000
-0.970362 -0.241657 0.000000
-0.988975 -0.148081 0.000000
-0.997731 0.067330 0.000000
-0.981883 0.189489 0.000000
-0.906254 0.422733 0.000000
-0.845747 0.533584 0.000000
-0.688326 0.725402 0.000000
-0.591413 0.806369 0.000000
-0.369315 0.929304 0.000000
-0.243383 0.969930 0.000000
0.014431 0.999896 0.000000
0.146312 0.989239 0.000000
0.387946 0.921682 0.000000
0.498326 0.866990 0.000000
0.674808 0.737993 0.000000
0.742100 0.670290 -0.000105
0.905709 0.423900 -0.000251
0.886432 0.462859 0.000538
0.000000 0.000000 1.000000
0.993590 0.113042 -0.001023
0.983501 0.180904 -0.000225
0.997311 0.073280 0.000000
0.953339 -0.301902 0.000000
0.000000 0.000000 -1.000000
62
0 0 1 2 0 1 2 1
0 0 2 3 0 2 3 1
0 4 0 3 4 0 3 1
0 4 3 5 4 3 5 1
0 6 4 5 6 4 5 1
0 6 5 7 6 5 7 1
0 8 6 7 8 6 7 1
0 8 7 9 8 7 9 1
0 10 8 9 10 8 9 1
0 10 9 11 10 9 11 1
0 12 10 11 12 10 11 1
0 12 11 13 12 11 13 1
0 14 12 13 14 12 13 1
0 14 13 15 14 13 15 1
0 16 14 15 16 14 15 1
0 16 15 17 16 15 17 1
0 18 16 17 18 16 17 1
0 18 17 19 18 17 19 1
0 20 18 19 20 18 19 1
0 20 19 21 20 19 21 1
0 22 20 21 22 20 21 1
0 22 21 23 22 21 23 1
0 24 22 23 24 22 23 1
0 24 23 25 24 23 25 1
0 26 24 25 26 24 25 1
0 26 25 27 26 25 27 1
0 28 26 27 28 26 27 1
0 28 27 29 28 27 29 1
0 30 31 32 30 30 30 1
0 30 32 33 30 30 30 1
0 30 33 34 30 30 30 1
0 30 34 35 30 30 30 1
0 30 35 36 30 30 30 1
0 30 36 37 30 30 30 1
0 30 37 38 30 30 30 1
0 30 38 39 30 30 30 1
0 30 39 40 30 30 30 1
0 30 40 41 30 30 30 1
0 30 41 42 30 30 30 1
0 30 42 43 30 30 30 1
0 30 43 44 30 30 30 1
0 30 44 45 30 30 30 1
0 30 45 46 30 30 30 1
0 47 28 48 31 28 32 1
0 47 48 49 31 32 33 1
0 1 50 51 1 34 34 1
0 1 51 2 1 34 2 1
0 29 48 28 29 32 28 1
0 52 53 54 35 35 35 1
0 52 54 55 35 35 35 1
0 52 55 56 35 35 35 1
0 52 56 57 35 35 35 1
0 52 57 58 35 35 35 1
0 52 58 59 35 35 35 1
0 52 59 60 35 35 35 1
0 52 60 61 35 35 35 1
0 52 61 62 35 35 35 1
0 52 62 63 35 35 35 1
0 52 63 64 35 35 35 1
0 52 64 65 35 35 35 1
0 52 65 66 35 35 35 1
0 52 66 67 35 35 35 1
"Cylinder.001" 0 2
68
0 6.062491 -0.774358 -2.283174 0.843750 0.500000 -1
0 6.127836 -0.711076 -2.283174 0.910153 0.500000 -1
0 6.127836 -0.711076 0.071261 0.910153 1.000000 -1
0 6.062491 -0.774358 0.071261 0.843750 1.000000 -1
0 6.001244 -0.803698 -2.283174 0.794067 0.500000 -1
0 6.001244 -0.803698 0.071261 0.794067 1.000000 -1
0 5.903715 -0.810512 -2.283174 0.722653 0.500000 -1
0 5.903715 -0.810512 0.071261 0.722653 1.000000 -1
0 5.805450 -0.764752 -2.283174 0.643433 0.500000 -1
0 5.805450 -0.764752 0.071261 0.643433 1.000000 -1
0 5.750102 -0.699672 -2.283174 0.580933 0.500000 -1
0 5.750102 -0.699672 0.071261 0.580933 1.000000 -1
0 5.727540 -0.635616 -2.283174 0.531250 0.500000 -1
0 5.727540 -0.635616 0.071261 0.531250 1.000000 -1
0 5.723872 -0.567803 -2.283174 0.481567 0.500000 -1
0 5.723872 -0.567803 0.071261 0.481567 1.000000 -1
0 5.750102 -0.486495 -2.283174 0.419067 0.500000 -1
0 5.750102 -0.486495 0.071261 0.419067 1.000000 -1
0 5.799514 -0.426287 -2.283174 0.362183 0.500000 -1
0 5.799514 -0.426287 0.071261 0.362183 1.000000 -1
0 5.874142 -0.384699 -2.283174 0.299683 0.500000 -1
0 5.874142 -0.384699 0.071261 0.299683 1.000000 -1
0 5.959004 -0.374835 -2.283174 0.237183 0.500000 -1
0 5.959004 -0.374835 0.071261 0.237183 1.000000 -1
0 6.041183 -0.398197 -2.283174 0.174683 0.500000 -1
0 6.041183 -0.398197 0.071261 0.174683 1.000000 -1
0 6.095529 -0.438922 -2.283174 0.125000 0.500000 -1
0 6.095529 -0.438922 0.071261 0.125000 1.000000 -1
0 6.143071 -0.503594 -2.283174 0.066593 0.500000 -1
0 6.136253 -0.493269 0.071261 0.075317 1.000000 -1
0 5.750102 -0.486495 0.071261 0.133681 0.041351 -1
0 5.723872 -0.567803 0.071261 0.222382 0.012720 -1
0 5.727540 -0.635616 0.071261 0.296822 0.014612 -1
0 5.750102 -0.699672 0.071261 0.366319 0.041351 -1
0 5.805450 -0.764752 0.071261 0.437311 0.101747 -1
0 5.903715 -0.810512 0.071261 0.483662 0.209484 -1
0 6.001244 -0.803698 0.071261 0.479787 0.315288 -1
0 6.062491 -0.774358 0.071261 0.449553 0.383337 -1
0 6.127836 -0.711076 0.071261 0.376850 0.450371 -1
0 6.159616 -0.610721 0.071261 0.269204 0.488109 -1
0 6.155195 -0.550550 0.071261 0.203178 0.485388 -1
0 6.136253 -0.493269 0.071261 0.141138 0.462635 -1
0 6.095529 -0.438922 0.071261 0.080294 0.419706 -1
0 6.041183 -0.398197 0.071261 0.037366 0.358863 -1
0 5.959004 -0.374835 0.071261 0.011891 0.269204 -1
0 5.874142 -0.384699 0.071261 0.022667 0.176622 -1
0 5.799514 -0.426287 0.071261 0.068053 0.095211 -1
0 6.159616 -0.610721 -2.283174 0.000000 0.500000 -1
0 6.155195 -0.550550 0.071261 0.031250 1.000000 -1
0 6.159616 -0.610721 0.071261 0.000000 1.000000 -1
0 6.159616 -0.610721 -2.283174 0.987183 0.500000 -1
0 6.159616 -0.610721 0.071261 0.987183 1.000000 -1
0 5.874142 -0.384699 -2.283174 0.522667 0.176622 -1
0 5.959004 -0.374835 -2.283174 0.511891 0.269204 -1
0 6.041183 -0.398197 -2.283174 0.537366 0.358863 -1
0 6.095529 -0.438922 -2.283174 0.580294 0.419706 -1
0 6.143071 -0.503594 -2.283174 0.653420 0.467139 -1
0 6.159616 -0.610721 -2.283174 0.769204 0.488109 -1
0 6.127836 -0.711076 -2.283174 0.876850 0.450371 -1
0 6.062491 -0.774358 -2.283174 0.949553 0.383337 -1
0 6.001244 -0.803698 -2.283174 0.979787 0.315288 -1
0 5.903715 -0.810512 -2.283174 0.983662 0.209484 -1
0 5.805450 -0.764752 -2.283174 0.937311 0.101747 -1
0 5.750102 -0.699672 -2.283174 0.866319 0.041351 -1
0 5.727540 -0.635616 -2.283174 0.796822 0.014612 -1
0 5.723872 -0.567803 -2.283174 0.722382 0.012720 -1
0 5.750102 -0.486495 -2.283174 0.633681 0.041351 -1
0 5.799514 -0.426287 -2.283174 0.568052 0.095211 -1
36
0.614884 -0.788618 0.000000
0.891534 -0.452953 0.000000
0.803261 -0.595627 0.000000
0.525977 -0.850499 0.000000
0.316227 -0.948684 0.000000
0.193519 -0.981097 0.000000
-0.096987 -0.995286 0.000000
-0.265693 -0.964058 0.000000
-0.546537 -0.837435 0.000000
-0.662107 -0.749409 0.000000
-0.834629 -0.550813 0.000000
-0.896018 -0.444017 0.000000
-0.970363 -0.241652 0.000000
-0.988976 -0.148075 0.000000
-0.997731 0.067333 0.000000
-0.981883 0.189487 0.000000
-0.906256 0.422729 0.000000
-0.845748 0.533582 0.000000
-0.688323 0.725404 0.000000
-0.591406 0.806374 0.000000
-0.369310 0.929306 0.000000
-0.243386 0.969929 0.000000
0.014423 0.999896 0.000000
0.146308 0.989239 0.000000
0.387946 0.921682 0.000000
0.498326 0.866990 0.000000
0.674811 0.737991 0.000000
0.742102 0.670287 -0.000105
0.905709 0.423901 -0.000252
0.886430 0.462862 0.000537
0.000000 0.000000 1.000000
0.993590 0.113042 -0.001023
0.983500 0.180907 -0.000225
0.997312 0.073272 0.000000
0.953340 -0.301898 0.000000
0.000000 0.000000 -1.000000
62
0 0 1 2 0 1 2 1
0 0 2 3 0 2 3 1
0 4 0 3 4 0 3 1
0 4 3 5 4 3 5 1
0 6 4 5 6 4 5 1
0 6 5 7 6 5 7 1
0 8 6 7 8 6 7 1
0 8 7 9 8 7 9 1
0 10 8 9 10 8 9 1
0 10 9 11 10 9 11 1
0 12 10 11 12 10 11 1
0 12 11 13 12 11 13 1
0 14 12 13 14 12 13 1
0 14 13 15 14 13 15 1
0 16 14 15 16 14 15 1
0 16 15 17 16 15 17 1
0 18 16 17 18 16 17 1
0 18 17 19 18 17 19 1
0 20 18 19 20 18 19 1
0 20 19 21 20 19 21 1
0 22 20 21 22 20 21 1
0 22 21 23 22 21 23 1
0 24 22 23 24 22 23 1
0 24 23 25 24 23 25 1
0 26 24 25 26 24 25 1
0 26 25 27 26 25 27 1
0 28 26 27 28 26 27 1
0 28 27 29 28 27 29 1
0 30 31 32 30 30 30 1
0 30 32 33 30 30 30 1
0 30 33 34 30 30 30 1
0 30 34 35 30 30 30 1
0 30 35 36 30 30 30 1
0 30 36 37 30 30 30 1
0 30 37 38 30 30 30 1
0 30 38 39 30 30 30 1
0 30 39 40 30 30 30 1
0 30 40 41 30 30 30 1
0 30 41 42 30 30 30 1
0 30 42 43 30 30 30 1
0 30 43 44 30 30 30 1
0 30 44 45 30 30 30 1
0 30 45 46 30 30 30 1
0 47 28 48 31 28 32 1
0 47 48 49 31 32 33 1
0 1 50 51 1 34 34 1
0 1 51 2 1 34 2 1
0 29 48 28 29 32 28 1
0 52 53 54 35 35 35 1
0 52 54 55 35 35 35 1
0 52 55 56 35 35 35 1
0 52 56 57 35 35 35 1
0 52 57 58 35 35 35 1
0 52 58 59 35 35 35 1
0 52 59 60 35 35 35 1
0 52 60 61 35 35 35 1
0 52 61 62 35 35 35 1
0 52 62 63 35 35 35 1
0 52 63 64 35 35 35 1
0 52 64 65 35 35 35 1
0 52 65 66 35 35 35 1
0 52 66 67 35 35 35 1
"Cylinder.002" 0 2
68
0 10.413910 -0.832007 -2.283174 0.843750 0.500000 -1
0 10.479255 -0.768725 -2.283174 0.910153 0.500000 -1
0 10.479255 -0.768725 0.071261 0.910153 1.000000 -1
0 10.413910 -0.832007 0.071261 0.843750 1.000000 -1
0 10.352662 -0.861347 -2.283174 0.794067 0.500000 -1
0 10.352662 -0.861347 0.071261 0.794067 1.000000 -1
0 10.255133 -0.868161 -2.283174 0.722653 0.500000 -1
0 10.255133 -0.868161 0.071261 0.722653 1.000000 -1
0 10.156869 -0.822401 -2.283174 0.643433 0.500000 -1
0 10.156869 -0.822401 0.071261 0.643433 1.000000 -1
0 10.101521 -0.757321 -2.283174 0.580933 0.500000 -1
0 10.101521 -0.757321 0.071261 0.580933 1.000000 -1
0 10.078958 -0.693266 -2.283174 0.531250 0.500000 -1
0 10.078958 -0.693266 0.071261 0.531250 1.000000 -1
0 10.075290 -0.625452 -2.283174 0.481567 0.500000 -1
0 10.075290 -0.625452 0.071261 0.481567 1.000000 -1
0 10.101521 -0.544145 -2.283174 0.419067 0.500000 -1
0 10.101521 -0.544145 0.071261 0.419067 1.000000 -1
0 10.150932 -0.483936 -2.283174 0.362183 0.500000 -1
0 10.150932 -0.483936 0.071261 0.362183 1.000000 -1
0 10.225560 -0.442348 -2.283174 0.299683 0.500000 -1
0 10.225560 -0.442348 0.071261 0.299683 1.000000 -1
0 10.310423 -0.432484 -2.283174 0.237183 0.500000 -1
0 10.310423 -0.432484 0.071261 0.237183 1.000000 -1
0 10.392601 -0.455847 -2.283174 0.174683 0.500000 -1
0 10.392601 -0.455847 0.071261 0.174683 1.000000 -1
0 10.446947 -0.496571 -2.283174 0.125000 0.500000 -1
0 10.446947 -0.496571 0.071261 0.125000 1.000000 -1
0 10.494490 -0.561243 -2.283174 0.066593 0.500000 -1
0 10.487672 -0.550918 0.071261 0.075317 1.000000 -1
0 10.101521 -0.544145 0.071261 0.133681 0.041351 -1
0 10.075290 -0.625452 0.071261 0.222382 0.012720 -1
0 10.078958 -0.693266 0.071261 0.296822 0.014612 -1
0 10.101521 -0.757321 0.071261 0.366319 0.041351 -1
0 10.156869 -0.822401 0.071261 0.437311 0.101747 -1
0 10.255133 -0.868161 0.071261 0.483662 0.209484 -1
0 10.352662 -0.861347 0.071261 0.479787 0.315288 -1
0 10.413910 -0.832007 0.071261 0.449553 0.383337 -1
0 10.479255 -0.768725 0.071261 0.376850 0.450371 -1
0 10.511035 -0.668370 0.071261 0.269204 0.488109 -1
0 10.506614 -0.608200 0.071261 0.203178 0.485388 -1
0 10.487672 -0.550918 0.071261 0.141138 0.462635 -1
0 10.446947 -0.496571 0.071261 0.080294 0.419706 -1
0 10.392601 -0.455847 0.071261 0.037366 0.358863 -1
0 10.310423 -0.432484 0.071261 0.011891 0.269204 -1
0 10.225560 -0.442348 0.071261 0.022667 0.176622 -1
0 10.150932 -0.483936 0.071261 0.068053 0.095211 -1
0 10.511035 -0.668370 -2.283174 0.000000 0.500000 -1
0 10.506614 -0.608200 0.071261 0.031250 1.000000 -1
0 10.511035 -0.668370 0.071261 0.000000 1.000000 -1
0 10.511035 -0.668370 -2.283174 0.987183 0.500000 -1
0 10.511035 -0.668370 0.071261 0.987183 1.000000 -1
0 10.225560 -0.442348 -2.283174 0.522667 0.176622 -1
0 10.310423 -0.432484 -2.283174 0.511891 0.269204 -1
0 10.392601 -0.455847 -2.283174 0.537366 0.358863 -1
0 10.446947 -0.496571 -2.283174 0.580294 0.419706 -1
0 10.494490 -0.561243 -2.283174 0.653420 0.467139 -1
0 10.511035 -0.668370 -2.283174 0.769204 0.488109 -1
0 10.479255 -0.768725 -2.283174 0.876850 0.450371 -1
0 10.413910 -0.832007 -2.283174 0.949553 0.383337 -1
0 10.352662 -0.861347 -2.283174 0.979787 0.315288 -1
0 10.255133 -0.868161 -2.283174 0.983662 0.209484 -1
0 10.156869 -0.822401 -2.283174 0.937311 0.101747 -1
0 10.101521 -0.757321 -2.283174 0.866319 0.041351 -1
0 10.078958 -0.693266 -2.283174 0.796822 0.014612 -1
0 10.075290 -0.625452 -2.283174 0.722382 0.012720 -1
0 10.101521 -0.544145 -2.283174 0.633681 0.041351 -1
0 10.150932 -0.483936 -2.283174 0.568052 0.095211 -1
36
0.614884 -0.788617 0.000000
0.891534 -0.452954 0.000000
0.803262 -0.595626 0.000000
0.525975 -0.850500 0.000000
0.316223 -0.948685 0.000000
0.193516 -0.981097 0.000000
-0.096989 -0.995285 0.000000
-0.265697 -0.964057 0.000000
-0.546539 -0.837433 0.000000
-0.662107 -0.749410 0.000000
-0.834624 -0.550820 0.000000
-0.896012 -0.444029 0.000000
-0.970360 -0.241663 0.000000
-0.988975 -0.148080 0.000000
-0.997730 0.067338 0.000000
-0.981881 0.189497 0.000000
-0.906253 0.422736 0.000000
-0.845749 0.533582 0.000000
-0.688328 0.725400 0.000000
-0.591409 0.806372 0.000000
-0.369312 0.929305 0.000000
-0.243387 0.969929 0.000000
0.014428 0.999896 0.000000
0.146318 0.989238 0.000000
0.387951 0.921680 0.000000
0.498323 0.866991 0.000000
0.674804 0.737997 0.000000
0.742095 0.670294 -0.000105
0.905708 0.423903 -0.000252
0.886430 0.462862 0.000537
0.000000 0.000000 1.000000
0.993589 0.113049 -0.001023
0.983500 0.180907 -0.000225
0.997311 0.073281 0.000000
0.953339 -0.301902 0.000000
0.000000 0.000000 -1.000000
62
0 0 1 2 0 1 2 1
0 0 2 3 0 2 3 1
0 4 0 3 4 0 3 1
0 4 3 5 4 3 5 1
0 6 4 5 6 4 5 1
0 6 5 7 6 5 7 1
0 8 6 7 8 6 7 1
0 8 7 9 8 7 9 1
0 10 8 9 10 8 9 1
0 10 9 11 10 9 11 1
0 12 10 11 12 10 11 1
0 12 11 13 12 11 13 1
0 14 12 13 14 12 13 1
0 14 13 15 14 13 15 1
0 16 14 15 16 14 15 1
0 16 15 17 16 15 17 1
0 18 16 17 18 16 17 1
0 18 17 19 18 17 19 1
0 20 18 19 20 18 19 1
0 20 19 21 20 19 21 1
0 22 20 21 22 20 21 1
0 22 21 23 22 21 23 1
0 24 22 23 24 22 23 1
0 24 23 25 24 23 25 1
0 26 24 25 26 24 25 1
0 26 25 27 26 25 27 1
0 28 26 27 28 26 27 1
0 28 27 29 28 27 29 1
0 30 31 32 30 30 30 1
0 30 32 33 30 30 30 1
0 30 33 34 30 30 30 1
0 30 34 35 30 30 30 1
0 30 35 36 30 30 30 1
0 30 36 37 30 30 30 1
0 30 37 38 30 30 30 1
0 30 38 39 30 30 30 1
0 30 39 40 30 30 30 1
0 30 40 41 30 30 30 1
0 30 41 42 30 30 30 1
0 30 42 43 30 30 30 1
0 30 43 44 30 30 30 1
0 30 44 45 30 30 30 1
0 30 45 46 30 30 30 1
0 47 28 48 31 28 32 1
0 47 48 49 31 32 33 1
0 1 50 51 1 34 34 1
0 1 51 2 1 34 2 1
0 29 48 28 29 32 28 1
0 52 53 54 35 35 35 1
0 52 54 55 35 35 35 1
0 52 55 56 35 35 35 1
0 52 56 57 35 35 35 1
0 52 57 58 35 35 35 1
0 52 58 59 35 35 35 1
0 52 59 60 35 35 35 1
0 52 60 61 35 35 35 1
0 52 61 62 35 35 35 1
0 52 62 63 35 35 35 1
0 52 63 64 35 35 35 1
0 52 64 65 35 35 35 1
0 52 65 66 35 35 35 1
0 52 66 67 35 35 35 1
"Cylinder.003" 0 2
68
0 10.420840 1.400563 -2.283174 0.843750 0.500000 -1
0 10.486185 1.463845 -2.283174 0.910153 0.500000 -1
0 10.486185 1.463845 0.071261 0.910153 1.000000 -1
0 10.420840 1.400563 0.071261 0.843750 1.000000 -1
0 10.359592 1.371224 -2.283174 0.794067 0.500000 -1
0 10.359592 1.371224 0.071261 0.794067 1.000000 -1
0 10.262063 1.364410 -2.283174 0.722653 0.500000 -1
0 10.262063 1.364410 0.071261 0.722653 1.000000 -1
0 10.163799 1.410169 -2.283174 0.643433 0.500000 -1
0 10.163799 1.410169 0.071261 0.643433 1.000000 -1
0 10.108451 1.475250 -2.283174 0.580933 0.500000 -1
0 10.108451 1.475250 0.071261 0.580933 1.000000 -1
0 10.085888 1.539305 -2.283174 0.531250 0.500000 -1
0 10.085888 1.539305 0.071261 0.531250 1.000000 -1
0 10.082220 1.607119 -2.283174 0.481567 0.500000 -1
0 10.082220 1.607119 0.071261 0.481567 1.000000 -1
0 10.108451 1.688426 -2.283174 0.419067 0.500000 -1
0 10.108451 1.688426 0.071261 0.419067 1.000000 -1
0 10.157863 1.748634 -2.283174 0.362183 0.500000 -1
0 10.157863 1.748634 0.071261 0.362183 1.000000 -1
0 10.232491 1.790223 -2.283174 0.299683 0.500000 -1
0 10.232491 1.790223 0.071261 0.299683 1.000000 -1
0 10.317353 1.800087 -2.283174 0.237183 0.500000 -1
0 10.317353 1.800087 0.071261 0.237183 1.000000 -1
0 10.399531 1.776724 -2.283174 0.174683 0.500000 -1
0 10.399531 1.776724 0.071261 0.174683 1.000000 -1
0 10.453877 1.735999 -2.283174 0.125000 0.500000 -1
0 10.453877 1.735999 0.071261 0.125000 1.000000 -1
0 10.501420 1.671327 -2.283174 0.066593 0.500000 -1
0 10.494602 1.681653 0.071261 0.075317 1.000000 -1
0 10.108451 1.688426 0.071261 0.133681 0.041351 -1
0 10.082220 1.607119 0.071261 0.222382 0.012720 -1
0 10.085888 1.539305 0.071261 0.296822 0.014612 -1
0 10.108451 1.475250 0.071261 0.366319 0.041351 -1
0 10.163799 1.410169 0.071261 0.437311 0.101747 -1
0 10.262063 1.364410 0.071261 0.483662 0.209484 -1
0 10.359592 1.371224 0.071261 0.479787 0.315288 -1
0 10.420840 1.400563 0.071261 0.449553 0.383337 -1
0 10.486185 1.463845 0.071261 0.376850 0.450371 -1
0 10.517965 1.564201 0.071261 0.269204 0.488109 -1
0 10.513544 1.624371 0.071261 0.203178 0.485388 -1
0 10.494602 1.681653 0.071261 0.141138 0.462635 -1
0 10.453877 1.735999 0.071261 0.080294 0.419706 -1
0 10.399531 1.776724 0.071261 0.037366 0.358863 -1
0 10.317353 1.800087 0.071261 0.011891 0.269204 -1
0 10.232491 1.790223 0.071261 0.022667 0.176622 -1
0 10.157863 1.748634 0.071261 0.068053 0.095211 -1
0 10.517965 1.564201 -2.283174 0.000000 0.500000 -1
0 10.513544 1.624371 0.071261 0.031250 1.000000 -1
0 10.517965 1.564201 0.071261 0.000000 1.000000 -1
0 10.517965 1.564201 -2.283174 0.987183 0.500000 -1
0 10.517965 1.564201 0.071261 0.987183 1.000000 -1
0 10.232491 1.790223 -2.283174 0.522667 0.176622 -1
0 10.317353 1.800087 -2.283174 0.511891 0.269204 -1
0 10.399531 1.776724 -2.283174 0.537366 0.358863 -1
0 10.453877 1.735999 -2.283174 0.580294 0.419706 -1
0 10.501420 1.671327 -2.283174 0.653420 0.467139 -1
0 10.517965 1.564201 -2.283174 0.769204 0.488109 -1
0 10.486185 1.463845 -2.283174 0.876850 0.450371 -1
0 10.420840 1.400563 -2.283174 0.949553 0.383337 -1
0 10.359592 1.371224 -2.283174 0.979787 0.315288 -1
0 10.262063 1.364410 -2.283174 0.983662 0.209484 -1
0 10.163799 1.410169 -2.283174 0.937311 0.101747 -1
0 10.108451 1.475250 -2.283174 0.866319 0.041351 -1
0 10.085888 1.539305 -2.283174 0.796822 0.014612 -1
0 10.082220 1.607119 -2.283174 0.722382 0.012720 -1
0 10.108451 1.688426 -2.283174 0.633681 0.041351 -1
0 10.157863 1.748634 -2.283174 0.568052 0.095211 -1
36
0.614881 -0.788620 0.000000
0.891535 -0.452953 0.000000
0.803263 -0.595625 0.000000
0.525967 -0.850505 0.000000
0.316214 -0.948688 0.000000
0.193512 -0.981098 0.000000
-0.096986 -0.995286 0.000000
-0.265691 -0.964058 0.000000
-0.546536 -0.837435 0.000000
-0.662108 -0.749408 0.000000
-0.834627 -0.550816 0.000000
-0.896013 -0.444027 0.000000
-0.970360 -0.241663 0.000000
-0.988975 -0.148080 0.000000
-0.997730 0.067338 0.000000
-0.981881 0.189497 0.000000
-0.906252 0.422738 0.000000
-0.845746 0.533586 0.000000
-0.688326 0.725402 0.000000
-0.591413 0.806369 0.000000
-0.369318 0.929303 0.000000
-0.243390 0.969929 0.000000
0.014428 0.999896 0.000000
0.146318 0.989238 0.000000
0.387955 0.921679 0.000000
0.498330 0.866987 0.000000
0.674809 0.737992 0.000000
0.742096 0.670294 -0.000105
0.905707 0.423905 -0.000252
0.886428 0.462866 0.000537
0.000000 0.000000 1.000000
0.993589 0.113049 -0.001023
0.983500 0.180907 -0.000225
0.997311 0.073281 0.000000
0.953340 -0.301899 0.000000
0.000000 0.000000 -1.000000
62
0 0 1 2 0 1 2 1
0 0 2 3 0 2 3 1
0 4 0 3 4 0 3 1
0 4 3 5 4 3 5 1
0 6 4 5 6 4 5 1
0 6 5 7 6 5 7 1
0 8 6 7 8 6 7 1
0 8 7 9 8 7 9 1
0 10 8 9 10 8 9 1
0 10 9 11 10 9 11 1
0 12 10 11 12 10 11 1
0 12 11 13 12 11 13 1
0 14 12 13 14 12 13 1
0 14 13 15 14 13 15 1
0 16 14 15 16 14 15 1
0 16 15 17 16 15 17 1
0 18 16 17 18 16 17 1
0 18 17 19 18 17 19 1
0 20 18 19 20 18 19 1
0 20 19 21 20 19 21 1
0 22 20 21 22 20 21 1
0 22 21 23 22 21 23 1
0 24 22 23 24 22 23 1
0 24 23 25 24 23 25 1
0 26 24 25 26 24 25 1
0 26 25 27 26 25 27 1
0 28 26 27 28 26 27 1
0 28 27 29 28 27 29 1
0 30 31 32 30 30 30 1
0 30 32 33 30 30 30 1
0 30 33 34 30 30 30 1
0 30 34 35 30 30 30 1
0 30 35 36 30 30 30 1
0 30 36 37 30 30 30 1
0 30 37 38 30 30 30 1
0 30 38 39 30 30 30 1
0 30 39 40 30 30 30 1
0 30 40 41 30 30 30 1
0 30 41 42 30 30 30 1
0 30 42 43 30 30 30 1
0 30 43 44 30 30 30 1
0 30 44 45 30 30 30 1
0 30 45 46 30 30 30 1
0 47 28 48 31 28 32 1
0 47 48 49 31 32 33 1
0 1 50 51 1 34 34 1
0 1 51 2 1 34 2 1
0 29 48 28 29 32 28 1
0 52 53 54 35 35 35 1
0 52 54 55 35 35 35 1
0 52 55 56 35 35 35 1
0 52 56 57 35 35 35 1
0 52 57 58 35 35 35 1
0 52 58 59 35 35 35 1
0 52 59 60 35 35 35 1
0 52 60 61 35 35 35 1
0 52 61 62 35 35 35 1
0 52 62 63 35 35 35 1
0 52 63 64 35 35 35 1
0 52 64 65 35 35 35 1
0 52 65 66 35 35 35 1
0 52 66 67 35 35 35 1
"Cylinder.004" 0 2
68
0 13.998561 1.459158 -2.283174 0.843750 0.500000 -1
0 14.063906 1.522440 -2.283174 0.910153 0.500000 -1
0 14.063906 1.522440 0.071261 0.910153 1.000000 -1
0 13.998561 1.459158 0.071261 0.843750 1.000000 -1
0 13.937313 1.429818 -2.283174 0.794067 0.500000 -1
0 13.937313 1.429818 0.071261 0.794067 1.000000 -1
0 13.839784 1.423004 -2.283174 0.722653 0.500000 -1
0 13.839784 1.423004 0.071261 0.722653 1.000000 -1
0 13.741520 1.468764 -2.283174 0.643433 0.500000 -1
0 13.741520 1.468764 0.071261 0.643433 1.000000 -1
0 13.686172 1.533844 -2.283174 0.580933 0.500000 -1
0 13.686172 1.533844 0.071261 0.580933 1.000000 -1
0 13.663609 1.597899 -2.283174 0.531250 0.500000 -1
0 13.663609 1.597899 0.071261 0.531250 1.000000 -1
0 13.659941 1.665713 -2.283174 0.481567 0.500000 -1
0 13.659941 1.665713 0.071261 0.481567 1.000000 -1
0 13.686172 1.747020 -2.283174 0.419067 0.500000 -1
0 13.686172 1.747020 0.071261 0.419067 1.000000 -1
0 13.735583 1.807229 -2.283174 0.362183 0.500000 -1
0 13.735583 1.807229 0.071261 0.362183 1.000000 -1
0 13.810211 1.848817 -2.283174 0.299683 0.500000 -1
0 13.810211 1.848817 0.071261 0.299683 1.000000 -1
0 13.895074 1.858681 -2.283174 0.237183 0.500000 -1
0 13.895074 1.858681 0.071261 0.237183 1.000000 -1
0 13.977252 1.835318 -2.283174 0.174683 0.500000 -1
0 13.977252 1.835318 0.071261 0.174683 1.000000 -1
0 14.031598 1.794594 -2.283174 0.125000 0.500000 -1
0 14.031598 1.794594 0.071261 0.125000 1.000000 -1
0 14.079141 1.729922 -2.283174 0.066593 0.500000 -1
0 14.072323 1.740247 0.071261 0.075317 1.000000 -1
0 13.686172 1.747020 0.071261 0.133681 0.041351 -1
0 13.659941 1.665713 0.071261 0.222382 0.012720 -1
0 13.663609 1.597899 0.071261 0.296822 0.014612 -1
0 13.686172 1.533844 0.071261 0.366319 0.041351 -1
0 13.741520 1.468764 0.071261 0.437311 0.101747 -1
0 13.839784 1.423004 0.071261 0.483662 0.209484 -1
0 13.937313 1.429818 0.071261 0.479787 0.315288 -1
0 13.998561 1.459158 0.071261 0.449553 0.383337 -1
0 14.063906 1.522440 0.071261 0.376850 0.450371 -1
0 14.095686 1.622795 0.071261 0.269204 0.488109 -1
0 14.091265 1.682965 0.071261 0.203178 0.485388 -1
0 14.072323 1.740247 0.071261 0.141138 0.462635 -1
0 14.031598 1.794594 0.071261 0.080294 0.419706 -1
0 13.977252 1.835318 0.071261 0.037366 0.358863 -1
0 13.895074 1.858681 0.071261 0.011891 0.269204 -1
0 13.810211 1.848817 0.071261 0.022667 0.176622 -1
0 13.735583 1.807229 0.071261 0.068053 0.095211 -1
0 14.095686 1.622795 -2.283174 0.000000 0.500000 -1
0 14.091265 1.682965 0.071261 0.031250 1.000000 -1
0 14.095686 1.622795 0.071261 0.000000 1.000000 -1
0 14.095686 1.622795 -2.283174 0.987183 0.500000 -1
0 14.095686 1.622795 0.071261 0.987183 1.000000 -1
0 13.810211 1.848817 -2.283174 0.522667 0.176622 -1
0 13.895074 1.858681 -2.283174 0.511891 0.269204 -1
0 13.977252 1.835318 -2.283174 0.537366 0.358863 -1
0 14.031598 1.794594 -2.283174 0.580294 0.419706 -1
0 14.079141 1.729922 -2.283174 0.653420 0.467139 -1
0 14.095686 1.622795 -2.283174 0.769204 0.488109 -1
0 14.063906 1.522440 -2.283174 0.876850 0.450371 -1
0 13.998561 1.459158 -2.283174 0.949553 0.383337 -1
0 13.937313 1.429818 -2.283174 0.979787 0.315288 -1
0 13.839784 1.423004 -2.283174 0.983662 0.209484 -1
0 13.741520 1.468764 -2.283174 0.937311 0.101747 -1
0 13.686172 1.533844 -2.283174 0.866319 0.041351 -1
0 13.663609 1.597899 -2.283174 0.796822 0.014612 -1
0 13.659941 1.665713 -2.283174 0.722382 0.012720 -1
0 13.686172 1.747020 -2.283174 0.633681 0.041351 -1
0 13.735583 1.807229 -2.283174 0.568052 0.095211 -1
36
0.614884 -0.788618 0.000000
0.891534 -0.452954 0.000000
0.803262 -0.595626 0.000000
0.525974 -0.850501 0.000000
0.316222 -0.948685 0.000000
0.193516 -0.981097 0.000000
-0.096989 -0.995285 0.000000
-0.265696 -0.964057 0.000000
-0.546539 -0.837434 0.000000
-0.662107 -0.749410 0.000000
-0.834624 -0.550820 0.000000
-0.896012 -0.444029 0.000000
-0.970360 -0.241663 0.000000
-0.988975 -0.148080 0.000000
-0.997730 0.067338 0.000000
-0.981881 0.189497 0.000000
-0.906253 0.422735 0.000000
-0.845749 0.533581 0.000000
-0.688328 0.725400 0.000000
-0.591409 0.806372 0.000000
-0.369311 0.929306 0.000000
-0.243386 0.969929 0.000000
0.014428 0.999896 0.000000
0.146318 0.989238 0.000000
0.387951 0.921680 0.000000
0.498323 0.866992 0.000000
0.674803 0.737998 0.000000
0.742095 0.670294 -0.000105
0.905708 0.423903 -0.000252
0.886430 0.462862 0.000537
0.000000 0.000000 1.000000
0.993589 0.113049 -0.001023
0.983500 0.180907 -0.000225
0.997311 0.073281 0.000000
0.953339 -0.301902 0.000000
0.000000 0.000000 -1.000000
62
0 0 1 2 0 1 2 1
0 0 2 3 0 2 3 1
0 4 0 3 4 0 3 1
0 4 3 5 4 3 5 1
0 6 4 5 6 4 5 1
0 6 5 7 6 5 7 1
0 8 6 7 8 6 7 1
0 8 7 9 8 7 9 1
0 10 8 9 10 8 9 1
0 10 9 11 10 9 11 1
0 12 10 11 12 10 11 1
0 12 11 13 12 11 13 1
0 14 12 13 14 12 13 1
0 14 13 15 14 13 15 1
0 16 14 15 16 14 15 1
0 16 15 17 16 15 17 1
0 18 16 17 18 16 17 1
0 18 17 19 18 17 19 1
0 20 18 19 20 18 19 1
0 20 19 21 20 19 21 1
0 22 20 21 22 20 21 1
0 22 21 23 22 21 23 1
0 24 22 23 24 22 23 1
0 24 23 25 24 23 25 1
0 26 24 25 26 24 25 1
0 26 25 27 26 25 27 1
0 28 26 27 28 26 27 1
0 28 27 29 28 27 29 1
0 30 31 32 30 30 30 1
0 30 32 33 30 30 30 1
0 30 33 34 30 30 30 1
0 30 34 35 30 30 30 1
0 30 35 36 30 30 30 1
0 30 36 37 30 30 30 1
0 30 37 38 30 30 30 1
0 30 38 39 30 30 30 1
0 30 39 40 30 30 30 1
0 30 40 41 30 30 30 1
0 30 41 42 30 30 30 1
0 30 42 43 30 30 30 1
0 30 43 44 30 30 30 1
0 30 44 45 30 30 30 1
0 30 45 46 30 30 30 1
0 47 28 48 31 28 32 1
0 47 48 49 31 32 33 1
0 1 50 51 1 34 34 1
0 1 51 2 1 34 2 1
0 29 48 28 29 32 28 1
0 52 53 54 35 35 35 1
0 52 54 55 35 35 35 1
0 52 55 56 35 35 35 1
0 52 56 57 35 35 35 1
0 52 57 58 35 35 35 1
0 52 58 59 35 35 35 1
0 52 59 60 35 35 35 1
0 52 60 61 35 35 35 1
0 52 61 62 35 35 35 1
0 52 62 63 35 35 35 1
0 52 63 64 35 35 35 1
0 52 64 65 35 35 35 1
0 52 65 66 35 35 35 1
0 52 66 67 35 35 35 1
"Cylinder.005" 0 2
68
0 14.006437 -0.855634 -2.283174 0.843750 0.500000 -1
0 14.071782 -0.792352 -2.283174 0.910153 0.500000 -1
0 14.071782 -0.792352 0.071261 0.910153 1.000000 -1
0 14.006437 -0.855634 0.071261 0.843750 1.000000 -1
0 13.945189 -0.884974 -2.283174 0.794067 0.500000 -1
0 13.945189 -0.884974 0.071261 0.794067 1.000000 -1
0 13.847660 -0.891788 -2.283174 0.722653 0.500000 -1
0 13.847660 -0.891788 0.071261 0.722653 1.000000 -1
0 13.749396 -0.846028 -2.283174 0.643433 0.500000 -1
0 13.749396 -0.846028 0.071261 0.643433 1.000000 -1
0 13.694048 -0.780948 -2.283174 0.580933 0.500000 -1
0 13.694048 -0.780948 0.071261 0.580933 1.000000 -1
0 13.671485 -0.716892 -2.283174 0.531250 0.500000 -1
0 13.671485 -0.716892 0.071261 0.531250 1.000000 -1
0 13.667817 -0.649079 -2.283174 0.481567 0.500000 -1
0 13.667817 -0.649079 0.071261 0.481567 1.000000 -1
0 13.694048 -0.567771 -2.283174 0.419067 0.500000 -1
0 13.694048 -0.567771 0.071261 0.419067 1.000000 -1
0 13.743460 -0.507563 -2.283174 0.362183 0.500000 -1
0 13.743460 -0.507563 0.071261 0.362183 1.000000 -1
0 13.818088 -0.465975 -2.283174 0.299683 0.500000 -1
0 13.818088 -0.465975 0.071261 0.299683 1.000000 -1
0 13.902950 -0.456111 -2.283174 0.237183 0.500000 -1
0 13.902950 -0.456111 0.071261 0.237183 1.000000 -1
0 13.985128 -0.479473 -2.283174 0.174683 0.500000 -1
0 13.985128 -0.479473 0.071261 0.174683 1.000000 -1
0 14.039474 -0.520198 -2.283174 0.125000 0.500000 -1
0 14.039474 -0.520198 0.071261 0.125000 1.000000 -1
0 14.087017 -0.584870 -2.283174 0.066593 0.500000 -1
0 14.080199 -0.574545 0.071261 0.075317 1.000000 -1
0 13.694048 -0.567771 0.071261 0.133681 0.041351 -1
0 13.667817 -0.649079 0.071261 0.222382 0.012720 -1
0 13.671485 -0.716892 0.071261 0.296822 0.014612 -1
0 13.694048 -0.780948 0.071261 0.366319 0.041351 -1
0 13.749396 -0.846028 0.071261 0.437311 0.101747 -1
0 13.847660 -0.891788 0.071261 0.483662 0.209484 -1
0 13.945189 -0.884974 0.071261 0.479787 0.315288 -1
0 14.006437 -0.855634 0.071261 0.449553 0.383337 -1
0 14.071782 -0.792352 0.071261 0.376850 0.450371 -1
0 14.103562 -0.691997 0.071261 0.269204 0.488109 -1
0 14.099141 -0.631826 0.071261 0.203178 0.485388 -1
0 14.080199 -0.574545 0.071261 0.141138 0.462635 -1
0 14.039474 -0.520198 0.071261 0.080294 0.419706 -1
0 13.985128 -0.479473 0.071261 0.037366 0.358863 -1
0 13.902950 -0.456111 0.071261 0.011891 0.269204 -1
0 13.818088 -0.465975 0.071261 0.022667 0.176622 -1
0 13.743460 -0.507563 0.071261 0.068053 0.095211 -1
0 14.103562 -0.691997 -2.283174 0.000000 0.500000 -1
0 14.099141 -0.631826 0.071261 0.031250 1.000000 -1
0 14.103562 -0.691997 0.071261 0.000000 1.000000 -1
0 14.103562 -0.691997 -2.283174 0.987183 0.500000 -1
0 14.103562 -0.691997 0.071261 0.987183 1.000000 -1
0 13.818088 -0.465975 -2.283174 0.522667 0.176622 -1
0 13.902950 -0.456111 -2.283174 0.511891 0.269204 -1
0 13.985128 -0.479473 -2.283174 0.537366 0.358863 -1
0 14.039474 -0.520198 -2.283174 0.580294 0.419706 -1
0 14.087017 -0.584870 -2.283174 0.653420 0.467139 -1
0 14.103562 -0.691997 -2.283174 0.769204 0.488109 -1
0 14.071782 -0.792352 -2.283174 0.876850 0.450371 -1
0 14.006437 -0.855634 -2.283174 0.949553 0.383337 -1
0 13.945189 -0.884974 -2.283174 0.979787 0.315288 -1
0 13.847660 -0.891788 -2.283174 0.983662 0.209484 -1
0 13.749396 -0.846028 -2.283174 0.937311 0.101747 -1
0 13.694048 -0.780948 -2.283174 0.866319 0.041351 -1
0 13.671485 -0.716892 -2.283174 0.796822 0.014612 -1
0 13.667817 -0.649079 -2.283174 0.722382 0.012720 -1
0 13.694048 -0.567771 -2.283174 0.633681 0.041351 -1
0 13.743460 -0.507563 -2.283174 0.568052 0.095211 -1
36
0.614884 -0.788618 0.000000
0.891534 -0.452954 0.000000
0.803262 -0.595626 0.000000
0.525975 -0.850500 0.000000
0.316223 -0.948685 0.000000
0.193516 -0.981097 0.000000
-0.096989 -0.995285 0.000000
-0.265697 -0.964057 0.000000
-0.546539 -0.837433 0.000000
-0.662107 -0.749410 0.000000
-0.834625 -0.550819 0.000000
-0.896014 -0.444027 0.000000
-0.970361 -0.241660 0.000000
-0.988976 -0.148079 0.000000
-0.997730 0.067336 0.000000
-0.981882 0.189494 0.000000
-0.906253 0.422736 0.000000
-0.845747 0.533585 0.000000
-0.688324 0.725404 0.000000
-0.591407 0.806373 0.000000
-0.369312 0.929305 0.000000
-0.243386 0.969929 0.000000
0.014425 0.999896 0.000000
0.146310 0.989239 0.000000
0.387950 0.921680 0.000000
0.498332 0.866987 0.000000
0.674811 0.737990 0.000000
0.742095 0.670294 -0.000105
0.905705 0.423909 -0.000252
0.886427 0.462869 0.000537
0.000000 0.000000 1.000000
0.993589 0.113048 -0.001023
0.983500 0.180908 -0.000225
0.997311 0.073280 0.000000
0.953339 -0.301902 0.000000
0.000000 0.000000 -1.000000
62
0 0 1 2 0 1 2 1
0 0 2 3 0 2 3 1
0 4 0 3 4 0 3 1
0 4 3 5 4 3 5 1
0 6 4 5 6 4 5 1
0 6 5 7 6 5 7 1
0 8 6 7 8 6 7 1
0 8 7 9 8 7 9 1
0 10 8 9 10 8 9 1
0 10 9 11 10 9 11 1
0 12 10 11 12 10 11 1
0 12 11 13 12 11 13 1
0 14 12 13 14 12 13 1
0 14 13 15 14 13 15 1
0 16 14 15 16 14 15 1
0 16 15 17 16 15 17 1
0 18 16 17 18 16 17 1
0 18 17 19 18 17 19 1
0 20 18 19 20 18 19 1
0 20 19 21 20 19 21 1
0 22 20 21 22 20 21 1
0 22 21 23 22 21 23 1
0 24 22 23 24 22 23 1
0 24 23 25 24 23 25 1
0 26 24 25 26 24 25 1
0 26 25 27 26 25 27 1
0 28 26 27 28 26 27 1
0 28 27 29 28 27 29 1
0 30 31 32 30 30 30 1
0 30 32 33 30 30 30 1
0 30 33 34 30 30 30 1
0 30 34 35 30 30 30 1
0 30 35 36 30 30 30 1
0 30 36 37 30 30 30 1
0 30 37 38 30 30 30 1
0 30 38 39 30 30 30 1
0 30 39 40 30 30 30 1
0 30 40 41 30 30 30 1
0 30 41 42 30 30 30 1
0 30 42 43 30 30 30 1
0 30 43 44 30 30 30 1
0 30 44 45 30 30 30 1
0 30 45 46 30 30 30 1
0 47 28 48 31 28 32 1
0 47 48 49 31 32 33 1
0 1 50 51 1 34 34 1
0 1 51 2 1 34 2 1
0 29 48 28 29 32 28 1
0 52 53 54 35 35 35 1
0 52 54 55 35 35 35 1
0 52 55 56 35 35 35 1
0 52 56 57 35 35 35 1
0 52 57 58 35 35 35 1
0 52 58 59 35 35 35 1
0 52 59 60 35 35 35 1
0 52 60 61 35 35 35 1
0 52 61 62 35 35 35 1
0 52 62 63 35 35 35 1
0 52 63 64 35 35 35 1
0 52 64 65 35 35 35 1
0 52 65 66 35 35 35 1
0 52 66 67 35 35 35 1

Materials: 3
"Material.002"
1.000000 1.000000 1.000000 1.000000
0.800000 0.800000 0.800000 1.000000
0.500000 0.500000 0.500000 1.000000
0.000000 0.000000 0.000000 1.000000
225.000000
1.000000
"water.png"
""
"Material.003"
1.000000 1.000000 1.000000 1.000000
0.800000 0.800000 0.800000 1.000000
0.500000 0.500000 0.500000 1.000000
0.000000 0.000000 0.000000 1.000000
225.000000
1.000000
"sand.png"
""
"plank"
1.000000 1.000000 1.000000 1.000000
0.800000 0.800000 0.800000 1.000000
0.500000 0.500000 0.500000 1.000000
0.000000 0.000000 0.000000 1.000000
225.000000
1.000000
"plank.png"
""

Bones: 1
"Bone01"
""
8 0.000000 0.000000 0.000000 0.000000 -0.000000 0.000000
1
1.000000 0.000000 0.000000 0.000000
1
1.000000 0.000000 -0.000000 0.000000
GroupComments: 0
MaterialComments: 0
BoneComments: 0
ModelComment: 0
